,date,full_tax_count,beers_count,difference
0,01/01/2020,52,4,48
1,02/01/2020,21,9,12
2,03/01/2020,10,7,3
3,04/01/2020,13,2,11
4,05/01/2020,112,37,75
5,06/01/2020,219,96,123
6,07/01/2020,14,95,-81
7,08/01/2020,18,11,7
8,09/01/2020,42,64,-22
9,10/01/2020,44,39,5
10,11/01/2020,19,36,-17
11,12/01/2020,14,8,6
12,13/01/2020,15,9,6
13,14/01/2020,14,31,-17
14,15/01/2020,15,29,-14
15,16/01/2020,16,23,-7
16,17/01/2020,13,10,3
17,18/01/2020,15,13,2
18,19/01/2020,16,25,-9
19,20/01/2020,16,12,4
20,21/01/2020,14,27,-13
21,22/01/2020,14,34,-20
22,23/01/2020,15,24,-9
23,24/01/2020,13,24,-11
24,25/01/2020,14,25,-11
25,26/01/2020,14,15,-1
26,27/01/2020,16,13,3
27,28/01/2020,13,39,-26
28,29/01/2020,14,33,-19
29,30/01/2020,16,24,-8
30,31/01/2020,15,7,8
31,01/02/2020,26,11,15
32,02/02/2020,62,17,45
33,03/02/2020,14,15,-1
34,04/02/2020,41,2,39
35,05/02/2020,110,27,83
36,06/02/2020,317,77,240
37,07/02/2020,3,79,-76
38,08/02/2020,13,48,-35
39,09/02/2020,61,48,13
40,10/02/2020,34,37,-3
41,11/02/2020,15,38,-23
42,12/02/2020,28,10,18
43,13/02/2020,23,25,-2
44,14/02/2020,10,12,-2
45,15/02/2020,4,17,-13
46,16/02/2020,15,23,-8
47,17/02/2020,30,35,-5
48,18/02/2020,12,42,-30
49,19/02/2020,21,51,-30
50,20/02/2020,10,53,-43
51,21/02/2020,5,15,-10
52,22/02/2020,3,5,-2
53,23/02/2020,6,2,4
54,24/02/2020,5,2,3
55,25/02/2020,4,1,3
56,26/02/2020,7,1,6
57,27/02/2020,10,1,9
58,28/02/2020,7,3,4
59,29/02/2020,3,2,1
60,01/03/2020,13,12,1
61,02/03/2020,70,3,67
62,03/03/2020,39,7,32
63,04/03/2020,77,0,77
64,05/03/2020,107,33,74
65,06/03/2020,371,82,289
66,07/03/2020,4,54,-50
67,08/03/2020,0,40,-40
68,09/03/2020,52,53,-1
69,10/03/2020,18,23,-5
70,11/03/2020,13,23,-10
71,12/03/2020,48,9,39
72,13/03/2020,26,15,11
73,14/03/2020,6,18,-12
74,15/03/2020,28,16,12
75,16/03/2020,29,6,23
76,17/03/2020,29,3,26
77,18/03/2020,29,6,23
78,19/03/2020,28,6,22
79,20/03/2020,2,5,-3
80,21/03/2020,3,5,-2
81,22/03/2020,1,6,-5
82,23/03/2020,2,6,-4
83,24/03/2020,2,2,0
84,25/03/2020,2,1,1
85,26/03/2020,2,4,-2
86,27/03/2020,2,3,-1
87,28/03/2020,3,2,1
88,29/03/2020,2,3,-1
89,30/03/2020,1,5,-4
90,31/03/2020,1,4,-3
91,01/04/2020,14,5,9
92,02/04/2020,79,4,75
93,03/04/2020,70,38,32
94,04/04/2020,80,1,79
95,05/04/2020,96,31,65
96,06/04/2020,305,70,235
97,07/04/2020,6,44,-38
98,08/04/2020,4,53,-49
99,09/04/2020,52,30,22
100,10/04/2020,12,46,-34
101,11/04/2020,18,25,-7
102,12/04/2020,56,3,53
103,13/04/2020,68,9,59
104,14/04/2020,67,7,60
105,15/04/2020,6,9,-3
106,16/04/2020,2,7,-5
107,17/04/2020,39,9,30
108,18/04/2020,36,9,27
109,19/04/2020,36,58,-22
110,20/04/2020,37,49,-12
111,21/04/2020,1,37,-36
112,22/04/2020,38,69,-31
113,23/04/2020,39,67,-28
114,24/04/2020,99,64,35
115,25/04/2020,128,47,81
116,26/04/2020,117,52,65
117,27/04/2020,98,51,47
118,28/04/2020,73,5,68
119,29/04/2020,141,12,129
120,30/04/2020,126,35,91
121,01/05/2020,15,16,-1
122,02/05/2020,54,6,48
123,03/05/2020,63,47,16
124,04/05/2020,52,17,35
125,05/05/2020,104,25,79
126,06/05/2020,131,46,85
127,07/05/2020,7,99,-92
128,08/05/2020,0,31,-31
129,09/05/2020,35,27,8
130,10/05/2020,21,55,-34
131,11/05/2020,10,20,-10
132,12/05/2020,57,9,48
133,13/05/2020,93,43,50
134,14/05/2020,95,36,59
135,15/05/2020,77,34,43
136,16/05/2020,59,15,44
137,17/05/2020,59,28,31
138,18/05/2020,59,41,18
139,19/05/2020,57,25,32
140,20/05/2020,58,30,28
141,21/05/2020,55,25,30
142,22/05/2020,90,46,44
143,23/05/2020,61,13,48
144,24/05/2020,79,31,48
145,25/05/2020,24,52,-28
146,26/05/2020,22,38,-16
147,27/05/2020,92,58,34
148,28/05/2020,120,38,82
149,29/05/2020,109,7,102
150,30/05/2020,103,23,80
151,31/05/2020,186,67,119
152,01/06/2020,14,16,-2
153,02/06/2020,74,12,62
154,03/06/2020,95,33,62
155,04/06/2020,70,25,45
156,05/06/2020,116,23,93
157,06/06/2020,47,11,36
158,07/06/2020,5,63,-58
159,08/06/2020,4,50,-46
160,09/06/2020,61,229,-168
161,10/06/2020,38,54,-16
162,11/06/2020,2,16,-14
163,12/06/2020,84,8,76
164,13/06/2020,45,16,29
165,14/06/2020,48,42,6
166,15/06/2020,47,46,1
167,16/06/2020,39,53,-14
168,17/06/2020,21,52,-31
169,18/06/2020,33,43,-10
170,19/06/2020,18,37,-19
171,20/06/2020,20,25,-5
172,21/06/2020,20,68,-48
173,22/06/2020,31,65,-34
174,23/06/2020,37,70,-33
175,24/06/2020,26,58,-32
176,25/06/2020,30,56,-26
177,26/06/2020,28,50,-22
178,27/06/2020,21,19,2
179,28/06/2020,39,34,5
180,29/06/2020,43,38,5
181,30/06/2020,39,44,-5
182,01/07/2020,14,32,-18
183,02/07/2020,54,6,48
184,03/07/2020,48,35,13
185,04/07/2020,53,24,29
186,05/07/2020,98,16,82
187,06/07/2020,64,52,12
188,07/07/2020,2,102,-100
189,08/07/2020,3,40,-37
190,09/07/2020,59,259,-200
191,10/07/2020,41,54,-13
192,11/07/2020,7,24,-17
193,12/07/2020,52,10,42
194,13/07/2020,42,51,-9
195,14/07/2020,51,96,-45
196,15/07/2020,46,79,-33
197,16/07/2020,44,152,-108
198,17/07/2020,36,120,-84
199,18/07/2020,38,87,-49
200,19/07/2020,28,148,-120
201,20/07/2020,13,110,-97
202,21/07/2020,18,157,-139
203,22/07/2020,11,129,-118
204,23/07/2020,26,157,-131
205,24/07/2020,39,100,-61
206,25/07/2020,38,76,-38
207,26/07/2020,46,114,-68
208,27/07/2020,13,90,-77
209,28/07/2020,16,110,-94
210,29/07/2020,13,58,-45
211,30/07/2020,11,26,-15
212,31/07/2020,16,33,-17
213,01/08/2020,14,41,-27
214,02/08/2020,48,5,43
215,03/08/2020,102,38,64
216,04/08/2020,127,21,106
217,05/08/2020,93,28,65
218,06/08/2020,46,57,-11
219,07/08/2020,6,75,-69
220,08/08/2020,2,29,-27
221,09/08/2020,102,246,-144
222,10/08/2020,17,64,-47
223,11/08/2020,11,24,-13
224,12/08/2020,58,8,50
225,13/08/2020,90,58,32
226,14/08/2020,79,36,43
227,15/08/2020,54,31,23
228,16/08/2020,97,49,48
229,17/08/2020,105,58,47
230,18/08/2020,109,68,41
231,19/08/2020,108,70,38
232,20/08/2020,110,67,43
233,21/08/2020,59,50,9
234,22/08/2020,76,33,43
235,23/08/2020,27,51,-24
236,24/08/2020,25,38,-13
237,25/08/2020,25,39,-14
238,26/08/2020,23,43,-20
239,27/08/2020,4,43,-39
240,28/08/2020,4,38,-34
241,29/08/2020,6,28,-22
242,30/08/2020,6,59,-53
243,31/08/2020,6,70,-64
244,01/09/2020,16,16,0
245,02/09/2020,58,3,55
246,03/09/2020,145,48,97
247,04/09/2020,122,22,100
248,05/09/2020,91,7,84
249,06/09/2020,49,49,0
250,07/09/2020,1,119,-118
251,08/09/2020,1,49,-48
252,09/09/2020,100,239,-139
253,10/09/2020,32,35,-3
254,11/09/2020,10,23,-13
255,12/09/2020,59,3,56
256,13/09/2020,46,261,-215
257,14/09/2020,49,267,-218
258,15/09/2020,50,271,-221
259,16/09/2020,26,267,-241
260,17/09/2020,26,262,-236
261,18/09/2020,24,45,-21
262,19/09/2020,10,38,-28
263,20/09/2020,18,74,-56
264,21/09/2020,27,71,-44
265,22/09/2020,38,85,-47
266,23/09/2020,44,71,-27
267,24/09/2020,53,75,-22
268,25/09/2020,52,54,-2
269,26/09/2020,32,22,10
270,27/09/2020,32,17,15
271,28/09/2020,19,20,-1
272,29/09/2020,49,22,27
273,30/09/2020,45,36,9
274,01/10/2020,13,10,3
275,02/10/2020,25,4,21
276,03/10/2020,134,54,80
277,04/10/2020,126,7,119
278,05/10/2020,95,24,71
279,06/10/2020,50,44,6
280,07/10/2020,5,70,-65
281,08/10/2020,27,55,-28
282,09/10/2020,63,249,-186
283,10/10/2020,22,22,0
284,11/10/2020,3,21,-18
285,12/10/2020,63,5,58
286,13/10/2020,19,13,6
287,14/10/2020,24,19,5
288,15/10/2020,14,38,-24
289,16/10/2020,15,36,-21
290,17/10/2020,18,18,0
291,18/10/2020,26,11,15
292,19/10/2020,21,28,-7
293,20/10/2020,31,18,13
294,21/10/2020,24,7,17
295,22/10/2020,18,8,10
296,23/10/2020,9,26,-17
297,24/10/2020,17,10,7
298,25/10/2020,23,9,14
299,26/10/2020,16,24,-8
300,27/10/2020,19,35,-16
301,28/10/2020,23,37,-14
302,29/10/2020,10,28,-18
303,30/10/2020,10,46,-36
304,31/10/2020,17,22,-5
305,01/11/2020,14,10,4
306,02/11/2020,19,4,15
307,03/11/2020,125,50,75
308,04/11/2020,108,6,102
309,05/11/2020,104,50,54
310,06/11/2020,54,29,25
311,07/11/2020,20,50,-30
312,08/11/2020,61,62,-1
313,09/11/2020,66,53,13
314,10/11/2020,15,30,-15
315,11/11/2020,5,12,-7
316,12/11/2020,46,5,41
317,13/11/2020,12,5,7
318,14/11/2020,7,6,1
319,15/11/2020,6,12,-6
320,16/11/2020,7,2,5
321,17/11/2020,5,2,3
322,18/11/2020,7,2,5
323,19/11/2020,21,1,20
324,20/11/2020,18,1,17
325,21/11/2020,20,1,19
326,22/11/2020,20,14,6
327,23/11/2020,19,12,7
328,24/11/2020,19,13,6
329,25/11/2020,19,15,4
330,26/11/2020,14,17,-3
331,27/11/2020,16,11,5
332,28/11/2020,15,7,8
333,29/11/2020,15,13,2
334,30/11/2020,11,15,-4
335,01/12/2020,14,14,0
336,02/12/2020,20,2,18
337,03/12/2020,160,35,125
338,04/12/2020,86,7,79
339,05/12/2020,99,38,61
340,06/12/2020,43,19,24
341,07/12/2020,43,94,-51
342,08/12/2020,66,50,16
343,09/12/2020,66,48,18
344,10/12/2020,13,40,-27
345,11/12/2020,17,12,5
346,12/12/2020,48,7,41
347,13/12/2020,80,6,74
348,14/12/2020,30,9,21
349,15/12/2020,36,4,32
350,16/12/2020,33,1,32
351,17/12/2020,20,1,19
352,18/12/2020,8,3,5
353,19/12/2020,12,9,3
354,20/12/2020,134,7,127
355,21/12/2020,148,8,140
356,22/12/2020,254,3,251
357,23/12/2020,235,8,227
358,24/12/2020,122,3,119
359,25/12/2020,132,8,124
360,26/12/2020,170,11,159
361,27/12/2020,307,6,301
362,28/12/2020,211,13,198
363,29/12/2020,101,8,93
364,30/12/2020,110,6,104
365,31/12/2020,142,3,139
366,01/01/2021,110,16,94
367,02/01/2021,4,57,-53
368,03/01/2021,7,47,-40
369,04/01/2021,26,34,-8
370,05/01/2021,95,39,56
371,06/01/2021,790,176,614
372,07/01/2021,46,89,-43
373,08/01/2021,61,29,32
374,09/01/2021,98,202,-104
375,10/01/2021,29,17,12
376,11/01/2021,26,36,-10
377,12/01/2021,50,52,-2
378,13/01/2021,110,41,69
379,14/01/2021,84,51,33
380,15/01/2021,74,32,42
381,16/01/2021,73,30,43
382,17/01/2021,61,48,13
383,18/01/2021,73,42,31
384,19/01/2021,98,32,66
385,20/01/2021,44,54,-10
386,21/01/2021,108,63,45
387,22/01/2021,88,45,43
388,23/01/2021,73,44,29
389,24/01/2021,101,73,28
390,25/01/2021,147,50,97
391,26/01/2021,144,38,106
392,27/01/2021,214,44,170
393,28/01/2021,134,29,105
394,29/01/2021,5,41,-36
395,30/01/2021,12,63,-51
396,31/01/2021,12,90,-78
397,01/02/2021,36,26,10
398,02/02/2021,14,55,-41
399,03/02/2021,16,46,-30
400,04/02/2021,27,52,-25
401,05/02/2021,81,58,23
402,06/02/2021,844,136,708
403,07/02/2021,64,63,1
404,08/02/2021,83,23,60
405,09/02/2021,98,62,36
406,10/02/2021,16,51,-35
407,11/02/2021,15,46,-31
408,12/02/2021,55,58,-3
409,13/02/2021,9,39,-30
410,14/02/2021,34,45,-11
411,15/02/2021,38,28,10
412,16/02/2021,40,27,13
413,17/02/2021,40,30,10
414,18/02/2021,37,45,-8
415,19/02/2021,15,17,-2
416,20/02/2021,8,27,-19
417,21/02/2021,33,38,-5
418,22/02/2021,34,26,8
419,23/02/2021,35,46,-11
420,24/02/2021,34,41,-7
421,25/02/2021,30,42,-12
422,26/02/2021,7,52,-45
423,27/02/2021,7,24,-17
424,28/02/2021,15,52,-37
425,01/03/2021,72,25,47
426,02/03/2021,17,45,-28
427,03/03/2021,21,60,-39
428,04/03/2021,27,58,-31
429,05/03/2021,92,96,-4
430,06/03/2021,848,124,724
431,07/03/2021,105,55,50
432,08/03/2021,63,36,27
433,09/03/2021,68,66,2
434,10/03/2021,16,43,-27
435,11/03/2021,27,36,-9
436,12/03/2021,34,17,17
437,13/03/2021,44,59,-15
438,14/03/2021,61,93,-32
439,15/03/2021,72,39,33
440,16/03/2021,65,42,23
441,17/03/2021,67,64,3
442,18/03/2021,55,44,11
443,19/03/2021,36,55,-19
444,20/03/2021,13,69,-56
445,21/03/2021,28,70,-42
446,22/03/2021,20,31,-11
447,23/03/2021,19,40,-21
448,24/03/2021,19,35,-16
449,25/03/2021,2,17,-15
450,26/03/2021,56,22,34
451,27/03/2021,46,17,29
452,28/03/2021,54,18,36
453,29/03/2021,31,17,14
454,30/03/2021,25,40,-15
455,31/03/2021,26,16,10
456,01/04/2021,96,33,63
457,02/04/2021,16,59,-43
458,03/04/2021,50,44,6
459,04/04/2021,35,103,-68
460,05/04/2021,89,59,30
461,06/04/2021,650,118,532
462,07/04/2021,114,84,30
463,08/04/2021,57,40,17
464,09/04/2021,50,90,-40
465,10/04/2021,22,128,-106
466,11/04/2021,29,47,-18
467,12/04/2021,29,29,0
468,13/04/2021,72,69,3
469,14/04/2021,59,49,10
470,15/04/2021,81,98,-17
471,16/04/2021,76,70,6
472,17/04/2021,73,67,6
473,18/04/2021,93,103,-10
474,19/04/2021,125,60,65
475,20/04/2021,136,50,86
476,21/04/2021,130,53,77
477,22/04/2021,134,54,80
478,23/04/2021,159,53,106
479,24/04/2021,134,28,106
480,25/04/2021,135,62,73
481,26/04/2021,117,72,45
482,27/04/2021,106,50,56
483,28/04/2021,104,58,46
484,29/04/2021,106,67,39
485,30/04/2021,105,53,52
486,01/05/2021,86,23,63
487,02/05/2021,10,31,-21
488,03/05/2021,24,45,-21
489,04/05/2021,93,122,-29
490,05/05/2021,79,71,8
491,06/05/2021,612,76,536
492,07/05/2021,106,122,-16
493,08/05/2021,79,58,21
494,09/05/2021,72,168,-96
495,10/05/2021,28,37,-9
496,11/05/2021,23,36,-13
497,12/05/2021,28,43,-15
498,13/05/2021,77,67,10
499,14/05/2021,19,42,-23
500,15/05/2021,24,39,-15
501,16/05/2021,7,23,-16
502,17/05/2021,5,26,-21
503,18/05/2021,20,41,-21
504,19/05/2021,43,61,-18
505,20/05/2021,22,60,-38
506,21/05/2021,27,46,-19
507,22/05/2021,22,49,-27
508,23/05/2021,39,79,-40
509,24/05/2021,57,124,-67
510,25/05/2021,62,232,-170
511,26/05/2021,109,180,-71
512,27/05/2021,174,235,-61
513,28/05/2021,152,155,-3
514,29/05/2021,83,187,-104
515,30/05/2021,201,140,61
516,31/05/2021,306,142,164
517,01/06/2021,92,26,66
518,02/06/2021,18,57,-39
519,03/06/2021,12,45,-33
520,04/06/2021,94,137,-43
521,05/06/2021,78,83,-5
522,06/06/2021,614,122,492
523,07/06/2021,124,106,18
524,08/06/2021,43,54,-11
525,09/06/2021,58,58,0
526,10/06/2021,34,95,-61
527,11/06/2021,15,28,-13
528,12/06/2021,34,34,0
529,13/06/2021,262,160,102
530,14/06/2021,238,206,32
531,15/06/2021,256,182,74
532,16/06/2021,226,218,8
533,17/06/2021,240,150,90
534,18/06/2021,240,88,152
535,19/06/2021,236,90,146
536,20/06/2021,252,158,94
537,21/06/2021,302,274,28
538,22/06/2021,246,200,46
539,23/06/2021,310,196,114
540,24/06/2021,228,152,76
541,25/06/2021,208,56,152
542,26/06/2021,170,50,120
543,27/06/2021,142,126,16
544,28/06/2021,112,248,-136
545,29/06/2021,114,216,-102
546,30/06/2021,144,230,-86
547,01/07/2021,38,39,-1
548,02/07/2021,19,83,-64
549,03/07/2021,25,64,-39
550,04/07/2021,104,68,36
551,05/07/2021,55,152,-97
552,06/07/2021,342,166,176
553,07/07/2021,113,107,6
554,08/07/2021,35,48,-13
555,09/07/2021,58,56,2
556,10/07/2021,36,71,-35
557,11/07/2021,16,35,-19
558,12/07/2021,43,46,-3
559,13/07/2021,138,95,43
560,14/07/2021,124,55,69
561,15/07/2021,105,79,26
562,16/07/2021,47,42,5
563,17/07/2021,95,29,66
564,18/07/2021,82,49,33
565,19/07/2021,157,72,85
566,20/07/2021,159,62,97
567,21/07/2021,118,50,68
568,22/07/2021,109,76,33
569,23/07/2021,77,49,28
570,24/07/2021,65,33,32
571,25/07/2021,69,57,12
572,26/07/2021,94,51,43
573,27/07/2021,134,50,84
574,28/07/2021,112,45,67
575,29/07/2021,75,44,31
576,30/07/2021,38,27,11
577,31/07/2021,20,27,-7
578,01/08/2021,36,27,9
579,02/08/2021,15,80,-65
580,03/08/2021,35,51,-16
581,04/08/2021,68,59,9
582,05/08/2021,57,125,-68
583,06/08/2021,296,146,150
584,07/08/2021,122,105,17
585,08/08/2021,57,64,-7
586,09/08/2021,56,60,-4
587,10/08/2021,29,73,-44
588,11/08/2021,23,16,7
589,12/08/2021,44,28,16
590,13/08/2021,46,92,-46
591,14/08/2021,28,60,-32
592,15/08/2021,39,70,-31
593,16/08/2021,25,106,-81
594,17/08/2021,27,100,-73
595,18/08/2021,46,105,-59
596,19/08/2021,32,94,-62
597,20/08/2021,15,66,-51
598,21/08/2021,19,44,-25
599,22/08/2021,31,75,-44
600,23/08/2021,20,137,-117
601,24/08/2021,38,72,-34
602,25/08/2021,46,88,-42
603,26/08/2021,51,71,-20
604,27/08/2021,14,39,-25
605,28/08/2021,12,29,-17
606,29/08/2021,50,58,-8
607,30/08/2021,70,84,-14
608,31/08/2021,59,54,5
609,01/09/2021,38,26,12
610,02/09/2021,17,84,-67
611,03/09/2021,29,39,-10
612,04/09/2021,137,99,38
613,05/09/2021,65,225,-160
614,06/09/2021,264,162,102
615,07/09/2021,140,91,49
616,08/09/2021,34,56,-22
617,09/09/2021,88,84,4
618,10/09/2021,21,59,-38
619,11/09/2021,17,29,-12
620,12/09/2021,48,32,16
621,13/09/2021,78,166,-88
622,14/09/2021,80,120,-40
623,15/09/2021,24,46,-22
624,16/09/2021,24,18,6
625,17/09/2021,22,64,-42
626,18/09/2021,22,96,-74
627,19/09/2021,32,128,-96
628,20/09/2021,30,120,-90
629,21/09/2021,26,60,-34
630,22/09/2021,18,82,-64
631,23/09/2021,40,142,-102
632,24/09/2021,34,166,-132
633,25/09/2021,34,112,-78
634,26/09/2021,60,124,-64
635,27/09/2021,78,114,-36
636,28/09/2021,74,64,10
637,29/09/2021,72,80,-8
638,30/09/2021,60,170,-110
639,01/10/2021,102,27,75
640,02/10/2021,17,56,-39
641,03/10/2021,34,35,-1
642,04/10/2021,135,104,31
643,05/10/2021,76,169,-93
644,06/10/2021,266,150,116
645,07/10/2021,143,69,74
646,08/10/2021,47,101,-54
647,09/10/2021,58,158,-100
648,10/10/2021,31,44,-13
649,11/10/2021,17,37,-20
650,12/10/2021,29,23,6
651,13/10/2021,35,39,-4
652,14/10/2021,37,54,-17
653,15/10/2021,26,50,-24
654,16/10/2021,29,53,-24
655,17/10/2021,23,42,-19
656,18/10/2021,22,92,-70
657,19/10/2021,35,55,-20
658,20/10/2021,33,65,-32
659,21/10/2021,27,70,-43
660,22/10/2021,26,53,-27
661,23/10/2021,25,58,-33
662,24/10/2021,37,49,-12
663,25/10/2021,33,38,-5
664,26/10/2021,33,49,-16
665,27/10/2021,25,54,-29
666,28/10/2021,36,53,-17
667,29/10/2021,17,45,-28
668,30/10/2021,28,35,-7
669,31/10/2021,25,36,-11
670,01/11/2021,166,23,143
671,02/11/2021,26,68,-42
672,03/11/2021,54,39,15
673,04/11/2021,135,179,-44
674,05/11/2021,76,156,-80
675,06/11/2021,266,156,110
676,07/11/2021,130,70,60
677,08/11/2021,36,85,-49
678,09/11/2021,62,92,-30
679,10/11/2021,18,69,-51
680,11/11/2021,20,33,-13
681,12/11/2021,23,24,-1
682,13/11/2021,15,28,-13
683,14/11/2021,23,26,-3
684,15/11/2021,37,19,18
685,16/11/2021,34,22,12
686,17/11/2021,40,40,0
687,18/11/2021,31,27,4
688,19/11/2021,28,14,14
689,20/11/2021,31,26,5
690,21/11/2021,50,27,23
691,22/11/2021,38,13,25
692,23/11/2021,45,12,33
693,24/11/2021,52,30,22
694,25/11/2021,45,29,16
695,26/11/2021,22,28,-6
696,27/11/2021,24,27,-3
697,28/11/2021,46,26,20
698,29/11/2021,44,20,24
699,30/11/2021,39,38,1
700,01/12/2021,144,42,102
701,02/12/2021,11,39,-28
702,03/12/2021,56,42,14
703,04/12/2021,126,187,-61
704,05/12/2021,79,96,-17
705,06/12/2021,274,92,182
706,07/12/2021,147,86,61
707,08/12/2021,46,101,-55
708,09/12/2021,140,124,16
709,10/12/2021,26,38,-12
710,11/12/2021,13,24,-11
711,12/12/2021,42,38,4
712,13/12/2021,48,33,15
713,14/12/2021,48,33,15
714,15/12/2021,28,48,-20
715,16/12/2021,53,22,31
716,17/12/2021,56,24,32
717,18/12/2021,50,16,34
718,19/12/2021,54,22,32
719,20/12/2021,55,25,30
720,21/12/2021,54,16,38
721,22/12/2021,89,46,43
722,23/12/2021,140,30,110
723,24/12/2021,118,41,77
724,25/12/2021,121,21,100
725,26/12/2021,158,31,127
726,27/12/2021,145,20,125
727,28/12/2021,120,38,82
728,29/12/2021,111,42,69
729,30/12/2021,100,33,67
730,31/12/2021,84,20,64
731,01/01/2022,57,26,31
732,02/01/2022,80,47,33
733,03/01/2022,9,57,-48
734,04/01/2022,41,48,-7
735,05/01/2022,117,60,57
736,06/01/2022,38,37,1
737,07/01/2022,55,79,-24
738,08/01/2022,12,17,-5
739,09/01/2022,10,88,-78
740,10/01/2022,17,14,3
741,11/01/2022,47,46,1
742,12/01/2022,121,65,56
743,13/01/2022,54,29,25
744,14/01/2022,53,15,38
745,15/01/2022,52,29,23
746,16/01/2022,48,21,27
747,17/01/2022,30,18,12
748,18/01/2022,21,29,-8
749,19/01/2022,26,27,-1
750,20/01/2022,22,51,-29
751,21/01/2022,10,30,-20
752,22/01/2022,12,17,-5
753,23/01/2022,23,17,6
754,24/01/2022,26,30,-4
755,25/01/2022,72,26,46
756,26/01/2022,81,25,56
757,27/01/2022,81,44,37
758,28/01/2022,75,26,49
759,29/01/2022,86,26,60
760,30/01/2022,81,23,58
761,31/01/2022,87,26,61
762,01/02/2022,26,22,4
763,02/02/2022,74,43,31
764,03/02/2022,26,36,-10
765,04/02/2022,40,35,5
766,05/02/2022,129,76,53
767,06/02/2022,46,72,-26
768,07/02/2022,44,50,-6
769,08/02/2022,22,35,-13
770,09/02/2022,15,30,-15
771,10/02/2022,19,31,-12
772,11/02/2022,54,37,17
773,12/02/2022,110,57,53
774,13/02/2022,30,22,8
775,14/02/2022,24,36,-12
776,15/02/2022,32,38,-6
777,16/02/2022,45,32,13
778,17/02/2022,43,53,-10
779,18/02/2022,44,47,-3
780,19/02/2022,19,39,-20
781,20/02/2022,15,42,-27
782,21/02/2022,13,53,-40
783,22/02/2022,13,46,-33
784,23/02/2022,17,28,-11
785,24/02/2022,14,45,-31
786,25/02/2022,19,32,-13
787,26/02/2022,15,46,-31
788,27/02/2022,16,46,-30
789,28/02/2022,15,49,-34
790,01/03/2022,23,22,1
791,02/03/2022,74,41,33
792,03/03/2022,18,49,-31
793,04/03/2022,52,38,14
794,05/03/2022,78,55,23
795,06/03/2022,55,56,-1
796,07/03/2022,46,36,10
797,08/03/2022,40,32,8
798,09/03/2022,8,30,-22
799,10/03/2022,20,42,-22
800,11/03/2022,66,41,25
801,12/03/2022,76,63,13
802,13/03/2022,104,92,12
803,14/03/2022,96,84,12
804,15/03/2022,110,76,34
805,16/03/2022,83,88,-5
806,17/03/2022,91,66,25
807,18/03/2022,80,68,12
808,19/03/2022,62,75,-13
809,20/03/2022,37,84,-47
810,21/03/2022,79,99,-20
811,22/03/2022,78,78,0
812,23/03/2022,59,79,-20
813,24/03/2022,69,68,1
814,25/03/2022,69,46,23
815,26/03/2022,68,52,16
816,27/03/2022,72,45,27
817,28/03/2022,65,74,-9
818,29/03/2022,55,52,3
819,30/03/2022,53,91,-38
820,31/03/2022,53,66,-13
821,01/04/2022,40,39,1
822,02/04/2022,75,27,48
823,03/04/2022,21,45,-24
824,04/04/2022,64,38,26
825,05/04/2022,39,29,10
826,06/04/2022,29,64,-35
827,07/04/2022,51,77,-26
828,08/04/2022,45,36,9
829,09/04/2022,16,45,-29
830,10/04/2022,19,32,-13
831,11/04/2022,41,19,22
832,12/04/2022,103,64,39
833,13/04/2022,125,27,98
834,14/04/2022,133,19,114
835,15/04/2022,119,19,100
836,16/04/2022,110,20,90
837,17/04/2022,113,22,91
838,18/04/2022,111,28,83
839,19/04/2022,66,24,42
840,20/04/2022,78,35,43
841,21/04/2022,89,34,55
842,22/04/2022,68,13,55
843,23/04/2022,50,34,16
844,24/04/2022,37,39,-2
845,25/04/2022,54,62,-8
846,26/04/2022,44,69,-25
847,27/04/2022,24,19,5
848,28/04/2022,16,29,-13
849,29/04/2022,97,47,50
850,30/04/2022,70,61,9
851,01/05/2022,73,37,36
852,02/05/2022,87,27,60
853,03/05/2022,11,61,-50
854,04/05/2022,88,37,51
855,05/05/2022,168,36,132
856,06/05/2022,19,47,-28
857,07/05/2022,51,84,-33
858,08/05/2022,27,46,-19
859,09/05/2022,16,63,-47
860,10/05/2022,16,19,-3
861,11/05/2022,53,21,32
862,12/05/2022,113,68,45
863,13/05/2022,37,54,-17
864,14/05/2022,29,38,-9
865,15/05/2022,42,57,-15
866,16/05/2022,36,51,-15
867,17/05/2022,41,61,-20
868,18/05/2022,39,44,-5
869,19/05/2022,35,42,-7
870,20/05/2022,90,43,47
871,21/05/2022,82,31,51
872,22/05/2022,92,29,63
873,23/05/2022,88,28,60
874,24/05/2022,102,59,43
875,25/05/2022,100,41,59
876,26/05/2022,105,22,83
877,27/05/2022,132,29,103
878,28/05/2022,114,34,80
879,29/05/2022,100,38,62
880,30/05/2022,53,22,31
881,31/05/2022,40,30,10
882,01/06/2022,75,45,30
883,02/06/2022,20,20,0
884,03/06/2022,25,91,-66
885,04/06/2022,100,26,74
886,05/06/2022,120,38,82
887,06/06/2022,26,41,-15
888,07/06/2022,50,81,-31
889,08/06/2022,22,26,-4
890,09/06/2022,19,67,-48
891,10/06/2022,16,22,-6
892,11/06/2022,28,38,-10
893,12/06/2022,105,62,43
894,13/06/2022,84,68,16
895,14/06/2022,80,66,14
896,15/06/2022,90,75,15
897,16/06/2022,91,52,39
898,17/06/2022,86,56,30
899,18/06/2022,77,38,39
900,19/06/2022,55,58,-3
901,20/06/2022,57,86,-29
902,21/06/2022,43,66,-23
903,22/06/2022,63,78,-15
904,23/06/2022,53,94,-41
905,24/06/2022,55,144,-89
906,25/06/2022,43,131,-88
907,26/06/2022,49,94,-45
908,27/06/2022,41,73,-32
909,28/06/2022,59,99,-40
910,29/06/2022,61,73,-12
911,30/06/2022,74,113,-39
912,01/07/2022,70,36,34
913,02/07/2022,33,20,13
914,03/07/2022,25,89,-64
915,04/07/2022,97,22,75
916,05/07/2022,118,43,75
917,06/07/2022,47,62,-15
918,07/07/2022,33,81,-48
919,08/07/2022,17,25,-8
920,09/07/2022,19,55,-36
921,10/07/2022,16,22,-6
922,11/07/2022,61,27,34
923,12/07/2022,136,56,80
924,13/07/2022,44,41,3
925,14/07/2022,24,55,-31
926,15/07/2022,20,62,-42
927,16/07/2022,11,71,-60
928,17/07/2022,27,34,-7
929,18/07/2022,18,55,-37
930,19/07/2022,29,59,-30
931,20/07/2022,37,64,-27
932,21/07/2022,22,88,-66
933,22/07/2022,22,66,-44
934,23/07/2022,16,47,-31
935,24/07/2022,26,37,-11
936,25/07/2022,24,69,-45
937,26/07/2022,21,56,-35
938,27/07/2022,25,59,-34
939,28/07/2022,13,53,-40
940,29/07/2022,8,33,-25
941,30/07/2022,11,17,-6
942,31/07/2022,5,38,-33
943,01/08/2022,65,22,43
944,02/08/2022,25,27,-2
945,03/08/2022,41,82,-41
946,04/08/2022,60,32,28
947,05/08/2022,100,44,56
948,06/08/2022,51,71,-20
949,07/08/2022,45,76,-31
950,08/08/2022,42,36,6
951,09/08/2022,20,46,-26
952,10/08/2022,5,16,-11
953,11/08/2022,78,46,32
954,12/08/2022,142,54,88
955,13/08/2022,19,66,-47
956,14/08/2022,32,47,-15
957,15/08/2022,27,59,-32
958,16/08/2022,32,76,-44
959,17/08/2022,38,71,-33
960,18/08/2022,43,108,-65
961,19/08/2022,31,94,-63
962,20/08/2022,32,54,-22
963,21/08/2022,28,113,-85
964,22/08/2022,31,108,-77
965,23/08/2022,26,99,-73
966,24/08/2022,30,67,-37
967,25/08/2022,24,63,-39
968,26/08/2022,15,54,-39
969,27/08/2022,14,33,-19
970,28/08/2022,23,70,-47
971,29/08/2022,19,69,-50
972,30/08/2022,11,78,-67
973,31/08/2022,13,49,-36
974,01/09/2022,64,19,45
975,02/09/2022,30,31,-1
976,03/09/2022,49,91,-42
977,04/09/2022,43,22,21
978,05/09/2022,83,34,49
979,06/09/2022,61,71,-10
980,07/09/2022,34,64,-30
981,08/09/2022,45,57,-12
982,09/09/2022,23,38,-15
983,10/09/2022,7,29,-22
984,11/09/2022,81,34,47
985,12/09/2022,78,39,39
986,13/09/2022,53,60,-7
987,14/09/2022,50,31,19
988,15/09/2022,62,23,39
989,16/09/2022,37,34,3
990,17/09/2022,58,22,36
991,18/09/2022,45,37,8
992,19/09/2022,39,41,-2
993,20/09/2022,39,42,-3
994,21/09/2022,44,48,-4
995,22/09/2022,44,44,0
996,23/09/2022,17,28,-11
997,24/09/2022,20,19,1
998,25/09/2022,33,42,-9
999,26/09/2022,34,18,16
1000,27/09/2022,28,33,-5
1001,28/09/2022,34,37,-3
1002,29/09/2022,40,41,-1
1003,30/09/2022,25,27,-2
1004,01/10/2022,51,9,42
1005,02/10/2022,32,36,-4
1006,03/10/2022,77,101,-24
1007,04/10/2022,105,23,82
1008,05/10/2022,92,54,38
1009,06/10/2022,62,74,-12
1010,07/10/2022,25,48,-23
1011,08/10/2022,27,59,-32
1012,09/10/2022,27,27,0
1013,10/10/2022,6,17,-11
1014,11/10/2022,81,43,38
1015,12/10/2022,60,53,7
1016,13/10/2022,6,29,-23
1017,14/10/2022,7,41,-34
1018,15/10/2022,8,32,-24
1019,16/10/2022,6,34,-28
1020,17/10/2022,6,31,-25
1021,18/10/2022,15,24,-9
1022,19/10/2022,14,36,-22
1023,20/10/2022,20,42,-22
1024,21/10/2022,20,39,-19
1025,22/10/2022,10,13,-3
1026,23/10/2022,7,49,-42
1027,24/10/2022,19,67,-48
1028,25/10/2022,23,49,-26
1029,26/10/2022,24,25,-1
1030,27/10/2022,23,23,0
1031,28/10/2022,26,28,-2
1032,29/10/2022,24,22,2
1033,30/10/2022,35,31,4
1034,31/10/2022,34,77,-43
1035,01/11/2022,54,34,20
1036,02/11/2022,39,27,12
1037,03/11/2022,68,74,-6
1038,04/11/2022,118,28,90
1039,05/11/2022,59,41,18
1040,06/11/2022,49,52,-3
1041,07/11/2022,33,74,-41
1042,08/11/2022,36,66,-30
1043,09/11/2022,40,33,7
1044,10/11/2022,18,21,-3
1045,11/11/2022,68,15,53
1046,12/11/2022,95,81,14
1047,13/11/2022,63,28,35
1048,14/11/2022,33,33,0
1049,15/11/2022,44,34,10
1050,16/11/2022,60,24,36
1051,17/11/2022,64,31,33
1052,18/11/2022,80,16,64
1053,19/11/2022,88,19,69
1054,20/11/2022,112,43,69
1055,21/11/2022,124,54,70
1056,22/11/2022,113,40,73
1057,23/11/2022,124,38,86
1058,24/11/2022,92,35,57
1059,25/11/2022,51,48,3
1060,26/11/2022,43,47,-4
1061,27/11/2022,82,50,32
1062,28/11/2022,90,57,33
1063,29/11/2022,81,61,20
1064,30/11/2022,89,65,24
1065,01/12/2022,55,27,28
1066,02/12/2022,41,33,8
1067,03/12/2022,61,72,-11
1068,04/12/2022,130,47,83
1069,05/12/2022,45,43,2
1070,06/12/2022,64,48,16
1071,07/12/2022,43,32,11
1072,08/12/2022,19,66,-47
1073,09/12/2022,63,33,30
1074,10/12/2022,6,33,-27
1075,11/12/2022,66,8,58
1076,12/12/2022,98,73,25
1077,13/12/2022,75,58,17
1078,14/12/2022,75,60,15
1079,15/12/2022,81,67,14
1080,16/12/2022,64,42,22
1081,17/12/2022,36,56,-20
1082,18/12/2022,22,66,-44
1083,19/12/2022,32,65,-33
1084,20/12/2022,40,61,-21
1085,21/12/2022,25,30,-5
1086,22/12/2022,28,42,-14
1087,23/12/2022,48,41,7
1088,24/12/2022,46,30,16
1089,25/12/2022,40,40,0
1090,26/12/2022,44,49,-5
1091,27/12/2022,59,38,21
1092,28/12/2022,33,23,10
1093,29/12/2022,38,53,-15
1094,30/12/2022,33,42,-9
1095,31/12/2022,28,33,-5
1096,01/01/2023,20,16,4
1097,02/01/2023,126,38,88
1098,03/01/2023,47,41,6
1099,04/01/2023,70,19,51
1100,05/01/2023,24,42,-18
1101,06/01/2023,33,51,-18
1102,07/01/2023,108,37,71
1103,08/01/2023,141,98,43
1104,09/01/2023,15,79,-64
1105,10/01/2023,60,31,29
1106,11/01/2023,2,21,-19
1107,12/01/2023,0,92,-92
1108,13/01/2023,20,21,-1
1109,14/01/2023,23,22,1
1110,15/01/2023,22,24,-2
1111,16/01/2023,22,19,3
1112,17/01/2023,22,26,-4
1113,18/01/2023,22,36,-14
1114,19/01/2023,24,46,-22
1115,20/01/2023,21,25,-4
1116,21/01/2023,15,38,-23
1117,22/01/2023,12,37,-25
1118,23/01/2023,12,39,-27
1119,24/01/2023,12,31,-19
1120,25/01/2023,12,44,-32
1121,26/01/2023,22,46,-24
1122,27/01/2023,30,44,-14
1123,28/01/2023,39,37,2
1124,29/01/2023,31,52,-21
1125,30/01/2023,51,26,25
1126,31/01/2023,99,35,64
1127,01/02/2023,19,18,1
1128,02/02/2023,63,30,33
1129,03/02/2023,46,38,8
1130,04/02/2023,89,33,56
1131,05/02/2023,29,49,-20
1132,06/02/2023,39,50,-11
1133,07/02/2023,169,58,111
1134,08/02/2023,125,120,5
1135,09/02/2023,8,40,-32
1136,10/02/2023,58,20,38
1137,11/02/2023,3,12,-9
1138,12/02/2023,0,87,-87
1139,13/02/2023,19,50,-31
1140,14/02/2023,26,50,-24
1141,15/02/2023,42,54,-12
1142,16/02/2023,35,73,-38
1143,17/02/2023,36,62,-26
1144,18/02/2023,48,54,-6
1145,19/02/2023,87,57,30
1146,20/02/2023,117,56,61
1147,21/02/2023,82,58,24
1148,22/02/2023,116,47,69
1149,23/02/2023,108,48,60
1150,24/02/2023,72,34,38
1151,25/02/2023,52,41,11
1152,26/02/2023,104,60,44
1153,27/02/2023,112,53,59
1154,28/02/2023,69,50,19
1155,01/03/2023,42,25,17
1156,02/03/2023,40,33,7
1157,03/03/2023,44,18,26
1158,04/03/2023,76,12,64
1159,05/03/2023,32,40,-8
1160,06/03/2023,42,28,14
1161,07/03/2023,126,59,67
1162,08/03/2023,104,105,-1
1163,09/03/2023,24,73,-49
1164,10/03/2023,70,59,11
1165,11/03/2023,2,20,-18
1166,12/03/2023,0,105,-105
1167,13/03/2023,52,49,3
1168,14/03/2023,49,42,7
1169,15/03/2023,35,39,-4
1170,16/03/2023,31,34,-3
1171,17/03/2023,28,34,-6
1172,18/03/2023,21,30,-9
1173,19/03/2023,33,52,-19
1174,20/03/2023,46,27,19
1175,21/03/2023,57,44,13
1176,22/03/2023,64,48,16
1177,23/03/2023,50,60,-10
1178,24/03/2023,39,32,7
1179,25/03/2023,39,34,5
1180,26/03/2023,35,45,-10
1181,27/03/2023,58,19,39
1182,28/03/2023,62,45,17
1183,29/03/2023,62,29,33
1184,30/03/2023,68,50,18
1185,31/03/2023,54,29,25
1186,01/04/2023,19,22,-3
1187,02/04/2023,44,20,24
1188,03/04/2023,32,38,-6
1189,04/04/2023,87,20,67
1190,05/04/2023,25,44,-19
1191,06/04/2023,56,51,5
1192,07/04/2023,136,55,81
1193,08/04/2023,93,89,4
1194,09/04/2023,21,44,-23
1195,10/04/2023,100,68,32
1196,11/04/2023,2,4,-2
1197,12/04/2023,0,100,-100
1198,13/04/2023,74,128,-54
1199,14/04/2023,56,72,-16
1200,15/04/2023,29,113,-84
1201,16/04/2023,48,149,-101
1202,17/04/2023,54,59,-5
1203,18/04/2023,5,60,-55
1204,19/04/2023,46,154,-108
1205,20/04/2023,45,150,-105
1206,21/04/2023,18,85,-67
1207,22/04/2023,23,113,-90
1208,23/04/2023,39,143,-104
1209,24/04/2023,21,51,-30
1210,25/04/2023,13,31,-18
1211,26/04/2023,31,53,-22
1212,27/04/2023,27,50,-23
1213,28/04/2023,28,47,-19
1214,29/04/2023,26,50,-24
1215,30/04/2023,27,80,-53
1216,01/05/2023,16,33,-17
1217,02/05/2023,36,38,-2
1218,03/05/2023,30,42,-12
1219,04/05/2023,85,15,70
1220,05/05/2023,23,59,-36
1221,06/05/2023,40,46,-6
1222,07/05/2023,145,75,70
1223,08/05/2023,83,45,38
1224,09/05/2023,36,56,-20
1225,10/05/2023,28,58,-30
1226,11/05/2023,2,2,0
1227,12/05/2023,0,81,-81
1228,13/05/2023,14,38,-24
1229,14/05/2023,23,33,-10
1230,15/05/2023,36,35,1
1231,16/05/2023,24,44,-20
1232,17/05/2023,33,47,-14
1233,18/05/2023,35,41,-6
1234,19/05/2023,37,41,-4
1235,20/05/2023,50,25,25
1236,21/05/2023,53,37,16
1237,22/05/2023,30,33,-3
1238,23/05/2023,43,35,8
1239,24/05/2023,47,42,5
1240,25/05/2023,10,17,-7
1241,26/05/2023,4,30,-26
1242,27/05/2023,21,24,-3
1243,28/05/2023,20,34,-14
1244,29/05/2023,15,30,-15
1245,30/05/2023,29,31,-2
1246,31/05/2023,30,35,-5
1247,01/06/2023,38,19,19
1248,02/06/2023,49,30,19
1249,03/06/2023,60,39,21
1250,04/06/2023,75,12,63
1251,05/06/2023,12,37,-25
1252,06/06/2023,44,58,-14
1253,07/06/2023,86,91,-5
1254,08/06/2023,95,116,-21
1255,09/06/2023,35,49,-14
1256,10/06/2023,19,26,-7
1257,11/06/2023,2,19,-17
1258,12/06/2023,0,84,-84
1259,13/06/2023,108,38,70
1260,14/06/2023,151,36,115
1261,15/06/2023,213,42,171
1262,16/06/2023,156,24,132
1263,17/06/2023,137,15,122
1264,18/06/2023,235,32,203
1265,19/06/2023,226,36,190
1266,20/06/2023,200,50,150
1267,21/06/2023,224,52,172
1268,22/06/2023,220,42,178
1269,23/06/2023,103,21,82
1270,24/06/2023,69,34,35
1271,25/06/2023,161,51,110
1272,26/06/2023,151,52,99
1273,27/06/2023,163,60,103
1274,28/06/2023,169,64,105
1275,29/06/2023,154,67,87
1276,30/06/2023,96,26,70
1277,01/07/2023,37,15,22
1278,02/07/2023,41,36,5
1279,03/07/2023,42,41,1
1280,04/07/2023,70,15,55
1281,05/07/2023,6,35,-29
1282,06/07/2023,66,49,17
1283,07/07/2023,51,67,-16
1284,08/07/2023,101,97,4
1285,09/07/2023,33,42,-9
1286,10/07/2023,8,15,-7
1287,11/07/2023,2,24,-22
1288,12/07/2023,0,112,-112
1289,13/07/2023,68,131,-63
1290,14/07/2023,37,53,-16
1291,15/07/2023,22,52,-30
1292,16/07/2023,64,77,-13
1293,17/07/2023,56,103,-47
1294,18/07/2023,56,98,-42
1295,19/07/2023,48,110,-62
1296,20/07/2023,58,83,-25
1297,21/07/2023,44,48,-4
1298,22/07/2023,28,23,5
1299,23/07/2023,65,54,11
1300,24/07/2023,111,52,59
1301,25/07/2023,103,53,50
1302,26/07/2023,83,74,9
1303,27/07/2023,53,69,-16
1304,28/07/2023,78,45,33
1305,29/07/2023,70,66,4
1306,30/07/2023,152,81,71
1307,31/07/2023,151,74,77
1308,01/08/2023,38,16,22
1309,02/08/2023,42,24,18
1310,03/08/2023,36,30,6
1311,04/08/2023,79,9,70
1312,05/08/2023,0,50,-50
1313,06/08/2023,123,41,82
1314,07/08/2023,31,52,-21
1315,08/08/2023,125,66,59
1316,09/08/2023,19,52,-33
1317,10/08/2023,12,9,3
1318,11/08/2023,3,11,-8
1319,12/08/2023,0,75,-75
1320,13/08/2023,87,65,22
1321,14/08/2023,165,73,92
1322,15/08/2023,212,34,178
1323,16/08/2023,244,70,174
1324,17/08/2023,327,104,223
1325,18/08/2023,281,48,233
1326,19/08/2023,163,57,106
1327,20/08/2023,341,98,243
1328,21/08/2023,283,87,196
1329,22/08/2023,245,51,194
1330,23/08/2023,214,45,169
1331,24/08/2023,148,113,35
1332,25/08/2023,55,71,-16
1333,26/08/2023,48,52,-4
1334,27/08/2023,60,91,-31
1335,28/08/2023,54,85,-31
1336,29/08/2023,44,67,-23
1337,30/08/2023,35,102,-67
1338,31/08/2023,21,112,-91
1339,01/09/2023,35,9,26
1340,02/09/2023,34,44,-10
1341,03/09/2023,48,34,14
1342,04/09/2023,89,10,79
1343,05/09/2023,2,46,-44
1344,06/09/2023,111,43,68
1345,07/09/2023,52,95,-43
1346,08/09/2023,107,83,24
1347,09/09/2023,20,27,-7
1348,10/09/2023,15,8,7
1349,11/09/2023,2,16,-14
1350,12/09/2023,1,72,-71
1351,13/09/2023,27,39,-12
1352,14/09/2023,33,53,-20
1353,15/09/2023,17,47,-30
1354,16/09/2023,6,11,-5
1355,17/09/2023,14,6,8
1356,18/09/2023,13,43,-30
1357,19/09/2023,14,85,-71
1358,20/09/2023,11,76,-65
1359,21/09/2023,13,68,-55
1360,22/09/2023,7,43,-36
1361,23/09/2023,1,23,-22
1362,24/09/2023,4,33,-29
1363,25/09/2023,0,1,-1
1364,26/09/2023,11,19,-8
1365,27/09/2023,17,58,-41
1366,28/09/2023,17,48,-31
1367,29/09/2023,10,24,-14
1368,30/09/2023,2,13,-11
1369,01/10/2023,13,22,-9
1370,02/10/2023,21,40,-19
1371,03/10/2023,26,29,-3
1372,04/10/2023,90,15,75
1373,05/10/2023,15,38,-23
1374,06/10/2023,102,29,73
1375,07/10/2023,48,100,-52
1376,08/10/2023,114,65,49
1377,09/10/2023,42,53,-11
1378,10/10/2023,18,7,11
1379,11/10/2023,2,24,-22
1380,12/10/2023,0,93,-93
1381,13/10/2023,6,9,-3
1382,14/10/2023,1,11,-10
1383,15/10/2023,1,12,-11
1384,16/10/2023,2,11,-9
1385,17/10/2023,1,8,-7
1386,18/10/2023,1,11,-10
1387,19/10/2023,1,8,-7
1388,20/10/2023,1,9,-8
1389,21/10/2023,1,10,-9
1390,22/10/2023,1,8,-7
1391,23/10/2023,1,0,1
1392,24/10/2023,0,0,0
1393,25/10/2023,1,9,-8
1394,26/10/2023,0,18,-18
1395,27/10/2023,0,19,-19
1396,28/10/2023,0,1,-1
1397,29/10/2023,0,6,-6
1398,30/10/2023,0,19,-19
1399,31/10/2023,0,15,-15
1400,01/11/2023,14,26,-12
1401,02/11/2023,21,39,-18
1402,03/11/2023,19,48,-29
1403,04/11/2023,66,35,31
1404,05/11/2023,21,32,-11
1405,06/11/2023,145,45,100
1406,07/11/2023,52,101,-49
1407,08/11/2023,92,50,42
1408,09/11/2023,30,54,-24
1409,10/11/2023,6,11,-5
1410,11/11/2023,2,10,-8
1411,12/11/2023,0,109,-109
1412,13/11/2023,2,11,-9
1413,14/11/2023,2,8,-6
1414,15/11/2023,2,22,-20
1415,16/11/2023,2,10,-8
1416,17/11/2023,2,16,-14
1417,18/11/2023,2,15,-13
1418,19/11/2023,2,12,-10
1419,20/11/2023,2,19,-17
1420,21/11/2023,2,28,-26
1421,22/11/2023,2,30,-28
1422,23/11/2023,2,53,-51
1423,24/11/2023,4,33,-29
1424,25/11/2023,2,64,-62
1425,26/11/2023,2,72,-70
1426,27/11/2023,3,103,-100
1427,28/11/2023,2,94,-92
1428,29/11/2023,4,92,-88
1429,30/11/2023,3,141,-138
1430,01/12/2023,21,28,-7
1431,02/12/2023,19,55,-36
1432,03/12/2023,80,56,24
1433,04/12/2023,74,92,-18
1434,05/12/2023,28,42,-14
1435,06/12/2023,116,46,70
1436,07/12/2023,80,116,-36
1437,08/12/2023,52,46,6
1438,09/12/2023,35,39,-4
1439,10/12/2023,6,10,-4
1440,11/12/2023,3,20,-17
1441,12/12/2023,0,102,-102
1442,13/12/2023,0,95,-95
1443,14/12/2023,25,81,-56
1444,15/12/2023,30,80,-50
1445,16/12/2023,31,67,-36
1446,17/12/2023,30,70,-40
1447,18/12/2023,30,64,-34
1448,19/12/2023,30,50,-20
1449,20/12/2023,30,64,-34
1450,21/12/2023,31,52,-21
1451,22/12/2023,31,25,6
1452,23/12/2023,31,38,-7
1453,24/12/2023,30,47,-17
1454,25/12/2023,30,56,-26
1455,26/12/2023,30,77,-47
1456,27/12/2023,31,55,-24
1457,28/12/2023,29,40,-11
1458,29/12/2023,28,43,-15
1459,30/12/2023,30,39,-9
1460,31/12/2023,31,39,-8
1461,01/01/2024,0,31,-31
1462,02/01/2024,10,70,-60
1463,03/01/2024,16,68,-52
1464,04/01/2024,51,56,-5
1465,05/01/2024,14,118,-104
1466,06/01/2024,136,74,62
1467,07/01/2024,230,178,52
1468,08/01/2024,648,52,596
1469,09/01/2024,75,51,24
1470,10/01/2024,37,48,-11
1471,11/01/2024,9,25,-16
1472,12/01/2024,118,49,69
1473,13/01/2024,1,36,-35
1474,14/01/2024,1,49,-48
1475,15/01/2024,0,22,-22
1476,16/01/2024,0,67,-67
1477,17/01/2024,0,82,-82
1478,18/01/2024,1,96,-95
1479,19/01/2024,0,72,-72
1480,20/01/2024,0,74,-74
1481,21/01/2024,0,112,-112
1482,22/01/2024,2,90,-88
1483,23/01/2024,3,68,-65
1484,24/01/2024,6,66,-60
1485,25/01/2024,0,59,-59
1486,26/01/2024,2,57,-55
1487,27/01/2024,6,57,-51
1488,28/01/2024,3,70,-67
1489,29/01/2024,4,48,-44
1490,30/01/2024,5,37,-32
1491,31/01/2024,6,59,-53
1492,01/02/2024,33,37,-4
1493,02/02/2024,6,92,-86
1494,03/02/2024,10,106,-96
1495,04/02/2024,6,69,-63
1496,05/02/2024,18,138,-120
1497,06/02/2024,174,112,62
1498,07/02/2024,246,142,104
1499,08/02/2024,0,0,0
1500,09/02/2024,74,45,29
1501,10/02/2024,23,57,-34
1502,11/02/2024,18,35,-17
1503,12/02/2024,103,13,90
1504,13/02/2024,8,106,-98
1505,14/02/2024,8,178,-170
1506,15/02/2024,2,98,-96
1507,16/02/2024,4,100,-96
1508,17/02/2024,10,80,-70
1509,18/02/2024,8,102,-94
1510,19/02/2024,10,106,-96
1511,20/02/2024,10,62,-52
1512,21/02/2024,10,76,-66
1513,22/02/2024,6,74,-68
1514,23/02/2024,6,72,-66
1515,24/02/2024,12,96,-84
1516,25/02/2024,10,122,-112
1517,26/02/2024,14,104,-90
1518,27/02/2024,6,60,-54
1519,28/02/2024,18,72,-54
1520,29/02/2024,2,94,-92
1521,01/03/2024,7,36,-29
1522,02/03/2024,8,80,-72
1523,03/03/2024,44,110,-66
1524,04/03/2024,9,49,-40
1525,05/03/2024,44,128,-84
1526,06/03/2024,144,114,30
1527,07/03/2024,324,140,184
1528,08/03/2024,0,0,0
1529,09/03/2024,76,54,22
1530,10/03/2024,6,36,-30
1531,11/03/2024,13,45,-32
1532,12/03/2024,98,26,72
1533,13/03/2024,296,102,194
1534,14/03/2024,312,102,210
1535,15/03/2024,222,78,144
1536,16/03/2024,222,104,118
1537,17/03/2024,308,128,180
1538,18/03/2024,334,96,238
1539,19/03/2024,332,114,218
1540,20/03/2024,332,82,250
1541,21/03/2024,164,110,54
1542,22/03/2024,56,110,-54
1543,23/03/2024,28,84,-56
1544,24/03/2024,174,48,126
1545,25/03/2024,136,98,38
1546,26/03/2024,130,106,24
1547,27/03/2024,110,64,46
1548,28/03/2024,128,82,46
1549,29/03/2024,80,98,-18
1550,30/03/2024,108,48,60
1551,31/03/2024,114,114,0
1552,01/04/2024,0,26,-26
1553,02/04/2024,14,98,-84
1554,03/04/2024,46,122,-76
1555,04/04/2024,24,58,-34
1556,05/04/2024,48,130,-82
1557,06/04/2024,144,126,18
1558,07/04/2024,324,144,180
1559,08/04/2024,0,0,0
1560,09/04/2024,36,63,-27
1561,10/04/2024,4,22,-18
1562,11/04/2024,10,69,-59
1563,12/04/2024,97,29,68
1564,13/04/2024,27,29,-2
1565,14/04/2024,83,65,18
1566,15/04/2024,85,77,8
1567,16/04/2024,68,65,3
1568,17/04/2024,97,49,48
1569,18/04/2024,74,44,30
1570,19/04/2024,67,65,2
1571,20/04/2024,56,35,21
1572,21/04/2024,69,65,4
1573,22/04/2024,51,20,31
1574,23/04/2024,56,6,50
1575,24/04/2024,21,10,11
1576,25/04/2024,29,18,11
1577,26/04/2024,34,17,17
1578,27/04/2024,40,4,36
1579,28/04/2024,7,11,-4
1580,29/04/2024,15,6,9
1581,30/04/2024,8,40,-32
1582,01/05/2024,0,25,-25
1583,02/05/2024,138,98,40
1584,03/05/2024,64,116,-52
1585,04/05/2024,26,56,-30
1586,05/05/2024,36,114,-78
1587,06/05/2024,106,80,26
1588,07/05/2024,410,122,288
1589,08/05/2024,0,0,0
1590,09/05/2024,45,66,-21
1591,10/05/2024,6,33,-27
1592,11/05/2024,37,34,3
1593,12/05/2024,102,36,66
1594,13/05/2024,4,50,-46
1595,14/05/2024,36,106,-70
1596,15/05/2024,28,188,-160
1597,16/05/2024,44,278,-234
1598,17/05/2024,52,230,-178
1599,18/05/2024,66,160,-94
1600,19/05/2024,52,284,-232
1601,20/05/2024,58,156,-98
1602,21/05/2024,78,198,-120
1603,22/05/2024,174,168,6
1604,23/05/2024,160,258,-98
1605,24/05/2024,124,174,-50
1606,25/05/2024,130,150,-20
1607,26/05/2024,184,152,32
1608,27/05/2024,256,136,120
1609,28/05/2024,242,208,34
1610,29/05/2024,196,164,32
1611,30/05/2024,158,214,-56
1612,31/05/2024,152,124,28
1613,01/06/2024,0,37,-37
1614,02/06/2024,156,94,62
1615,03/06/2024,44,84,-40
1616,04/06/2024,27,35,-8
1617,05/06/2024,12,94,-82
1618,06/06/2024,96,160,-64
1619,07/06/2024,334,86,248
1620,08/06/2024,0,0,0
1621,09/06/2024,44,63,-19
1622,10/06/2024,16,60,-44
1623,11/06/2024,31,93,-62
1624,12/06/2024,46,27,19
1625,13/06/2024,78,52,26
1626,14/06/2024,154,136,18
1627,15/06/2024,150,90,60
1628,16/06/2024,238,98,140
1629,17/06/2024,348,60,288
1630,18/06/2024,408,172,236
1631,19/06/2024,392,136,256
1632,20/06/2024,240,104,136
1633,21/06/2024,240,122,118
1634,22/06/2024,214,68,146
1635,23/06/2024,234,90,144
1636,24/06/2024,288,108,180
1637,25/06/2024,312,110,202
1638,26/06/2024,280,132,148
1639,27/06/2024,236,144,92
1640,28/06/2024,200,172,28
1641,29/06/2024,186,80,106
1642,30/06/2024,164,84,80
1643,01/07/2024,0,39,-39
1644,02/07/2024,160,88,72
1645,03/07/2024,82,106,-24
1646,04/07/2024,37,34,3
1647,05/07/2024,40,224,-184
1648,06/07/2024,56,104,-48
1649,07/07/2024,458,126,332
1650,08/07/2024,0,0,0
1651,09/07/2024,48,45,3
1652,10/07/2024,0,13,-13
1653,11/07/2024,31,129,-98
1654,12/07/2024,21,30,-9
1655,13/07/2024,298,90,208
1656,14/07/2024,282,80,202
1657,15/07/2024,332,98,234
1658,16/07/2024,242,40,202
1659,17/07/2024,216,72,144
1660,18/07/2024,188,78,110
1661,19/07/2024,136,52,84
1662,20/07/2024,72,26,46
1663,21/07/2024,114,62,52
1664,22/07/2024,132,96,36
1665,23/07/2024,174,38,136
1666,24/07/2024,200,80,120
1667,25/07/2024,258,66,192
1668,26/07/2024,272,50,222
1669,27/07/2024,158,32,126
1670,28/07/2024,158,52,106
1671,29/07/2024,206,42,164
1672,30/07/2024,282,36,246
1673,31/07/2024,584,38,546
1674,01/08/2024,0,20,-20
1675,02/08/2024,156,100,56
1676,03/08/2024,36,88,-52
1677,04/08/2024,49,73,-24
1678,05/08/2024,56,142,-86
1679,06/08/2024,94,64,30
1680,07/08/2024,514,120,394
1681,08/08/2024,0,0,0
1682,09/08/2024,22,79,-57
1683,10/08/2024,15,34,-19
1684,11/08/2024,26,79,-53
1685,12/08/2024,41,28,13
1686,13/08/2024,0,0,0
1687,14/08/2024,0,0,0
1688,15/08/2024,0,0,0
1689,16/08/2024,0,0,0
1690,17/08/2024,0,0,0
1691,18/08/2024,0,0,0
1692,19/08/2024,0,0,0
1693,20/08/2024,0,0,0
1694,21/08/2024,0,0,0
1695,22/08/2024,0,0,0
1696,23/08/2024,0,0,0
1697,24/08/2024,0,0,0
1698,25/08/2024,0,0,0
1699,26/08/2024,0,0,0
1700,27/08/2024,0,0,0
1701,28/08/2024,0,0,0
1702,29/08/2024,0,0,0
1703,30/08/2024,0,0,0
1704,31/08/2024,0,0,0
1705,01/09/2024,0,44,-44
1706,02/09/2024,142,88,54
1707,03/09/2024,30,54,-24
1708,04/09/2024,50,76,-26
1709,05/09/2024,20,134,-114
1710,06/09/2024,60,174,-114
1711,07/09/2024,504,102,402
1712,08/09/2024,0,0,0
1713,09/09/2024,20,63,-43
1714,10/09/2024,12,54,-42
1715,11/09/2024,25,90,-65
1716,12/09/2024,22,32,-10
1717,13/09/2024,53,56,-3
1718,14/09/2024,40,39,1
1719,15/09/2024,41,40,1
1720,16/09/2024,26,71,-45
1721,17/09/2024,36,57,-21
1722,18/09/2024,21,63,-42
1723,19/09/2024,20,49,-29
1724,20/09/2024,27,54,-27
1725,21/09/2024,28,36,-8
1726,22/09/2024,23,36,-13
1727,23/09/2024,26,30,-4
1728,24/09/2024,29,28,1
1729,25/09/2024,19,27,-8
1730,26/09/2024,29,29,0
1731,27/09/2024,31,21,10
1732,28/09/2024,43,18,25
1733,29/09/2024,36,27,9
1734,30/09/2024,31,27,4
1735,01/10/2024,0,37,-37
1736,02/10/2024,154,86,68
1737,03/10/2024,98,130,-32
1738,04/10/2024,73,40,33
1739,05/10/2024,42,128,-86
1740,06/10/2024,80,100,-20
1741,07/10/2024,510,230,280
1742,08/10/2024,0,0,0
1743,09/10/2024,42,72,-30
1744,10/10/2024,19,38,-19
1745,11/10/2024,29,101,-72
1746,12/10/2024,22,25,-3
1747,13/10/2024,8,31,-23
1748,14/10/2024,3,35,-32
1749,15/10/2024,9,31,-22
1750,16/10/2024,5,27,-22
1751,17/10/2024,10,11,-1
1752,18/10/2024,20,15,5
1753,19/10/2024,12,29,-17
1754,20/10/2024,18,40,-22
1755,21/10/2024,8,36,-28
1756,22/10/2024,12,33,-21
1757,23/10/2024,4,30,-26
1758,24/10/2024,12,29,-17
1759,25/10/2024,18,7,11
1760,26/10/2024,12,35,-23
1761,27/10/2024,13,13,0
1762,28/10/2024,14,31,-17
1763,29/10/2024,16,31,-15
1764,30/10/2024,4,22,-18
1765,31/10/2024,15,33,-18
1766,01/11/2024,0,35,-35
1767,02/11/2024,132,120,12
1768,03/11/2024,226,94,132
1769,04/11/2024,85,58,27
1770,05/11/2024,46,132,-86
1771,06/11/2024,74,140,-66
1772,07/11/2024,482,156,326
1773,08/11/2024,0,0,0
1774,09/11/2024,32,54,-22
1775,10/11/2024,0,24,-24
1776,11/11/2024,32,93,-61
1777,12/11/2024,10,32,-22
1778,13/11/2024,31,118,-87
1779,14/11/2024,34,85,-51
1780,15/11/2024,26,57,-31
1781,16/11/2024,46,64,-18
1782,17/11/2024,90,42,48
1783,18/11/2024,78,67,11
1784,19/11/2024,71,40,31
1785,20/11/2024,81,50,31
1786,21/11/2024,86,42,44
1787,22/11/2024,52,31,21
1788,23/11/2024,65,36,29
1789,24/11/2024,160,44,116
1790,25/11/2024,156,38,118
1791,26/11/2024,138,37,101
1792,27/11/2024,135,73,62
1793,28/11/2024,137,60,77
1794,29/11/2024,96,17,79
1795,30/11/2024,100,52,48
1796,01/12/2024,0,32,-32
1797,02/12/2024,14,82,-68
1798,03/12/2024,286,110,176
1799,04/12/2024,43,60,-17
1800,05/12/2024,28,104,-76
1801,06/12/2024,72,16,56
1802,07/12/2024,322,102,220
1803,08/12/2024,0,0,0
1804,09/12/2024,53,56,-3
1805,10/12/2024,0,6,-6
1806,11/12/2024,31,60,-29
1807,12/12/2024,15,30,-15
1808,13/12/2024,10,24,-14
1809,14/12/2024,17,46,-29
1810,15/12/2024,18,36,-18
1811,16/12/2024,25,37,-12
1812,17/12/2024,15,34,-19
1813,18/12/2024,24,28,-4
1814,19/12/2024,42,29,13
1815,20/12/2024,44,34,10
1816,21/12/2024,32,58,-26
1817,22/12/2024,35,71,-36
1818,23/12/2024,29,68,-39
1819,24/12/2024,32,72,-40
1820,25/12/2024,131,52,79
1821,26/12/2024,183,87,96
1822,27/12/2024,126,57,69
1823,28/12/2024,121,55,66
1824,29/12/2024,161,78,83
1825,30/12/2024,168,73,95
1826,31/12/2024,201,65,136
