,date,full_tax_count,candy_store_count,difference
0,01/01/2020,49,31,18
1,02/01/2020,21,9,12
2,03/01/2020,8,47,-39
3,04/01/2020,13,43,-30
4,05/01/2020,112,57,55
5,06/01/2020,219,0,219
6,07/01/2020,11,33,-22
7,08/01/2020,18,37,-19
8,09/01/2020,42,1,41
9,10/01/2020,44,15,29
10,11/01/2020,15,0,15
11,12/01/2020,4,0,4
12,13/01/2020,12,30,-18
13,14/01/2020,11,17,-6
14,15/01/2020,12,0,12
15,16/01/2020,13,0,13
16,17/01/2020,10,0,10
17,18/01/2020,12,0,12
18,19/01/2020,13,1,12
19,20/01/2020,13,1,12
20,21/01/2020,11,2,9
21,22/01/2020,11,1,10
22,23/01/2020,12,9,3
23,24/01/2020,10,8,2
24,25/01/2020,11,9,2
25,26/01/2020,11,9,2
26,27/01/2020,13,8,5
27,28/01/2020,10,9,1
28,29/01/2020,11,8,3
29,30/01/2020,13,8,5
30,31/01/2020,12,8,4
31,01/02/2020,23,37,-14
32,02/02/2020,62,9,53
33,03/02/2020,12,43,-31
34,04/02/2020,41,45,-4
35,05/02/2020,110,65,45
36,06/02/2020,317,15,302
37,07/02/2020,2,43,-41
38,08/02/2020,13,34,-21
39,09/02/2020,61,1,60
40,10/02/2020,34,15,19
41,11/02/2020,12,0,12
42,12/02/2020,18,0,18
43,13/02/2020,23,34,-11
44,14/02/2020,10,40,-30
45,15/02/2020,4,17,-13
46,16/02/2020,15,34,-19
47,17/02/2020,30,12,18
48,18/02/2020,12,13,-1
49,19/02/2020,21,38,-17
50,20/02/2020,10,33,-23
51,21/02/2020,5,32,-27
52,22/02/2020,3,35,-32
53,23/02/2020,6,47,-41
54,24/02/2020,5,64,-59
55,25/02/2020,4,87,-83
56,26/02/2020,7,80,-73
57,27/02/2020,10,57,-47
58,28/02/2020,7,50,-43
59,29/02/2020,3,52,-49
60,01/03/2020,10,34,-24
61,02/03/2020,70,9,61
62,03/03/2020,37,42,-5
63,04/03/2020,77,46,31
64,05/03/2020,107,62,45
65,06/03/2020,371,37,334
66,07/03/2020,2,42,-40
67,08/03/2020,0,42,-42
68,09/03/2020,52,9,43
69,10/03/2020,18,15,3
70,11/03/2020,10,0,10
71,12/03/2020,38,0,38
72,13/03/2020,26,43,-17
73,14/03/2020,6,42,-36
74,15/03/2020,28,48,-20
75,16/03/2020,29,45,-16
76,17/03/2020,29,56,-27
77,18/03/2020,29,45,-16
78,19/03/2020,28,46,-18
79,20/03/2020,2,47,-45
80,21/03/2020,3,45,-42
81,22/03/2020,1,49,-48
82,23/03/2020,2,50,-48
83,24/03/2020,2,55,-53
84,25/03/2020,2,59,-57
85,26/03/2020,2,47,-45
86,27/03/2020,2,43,-41
87,28/03/2020,3,46,-43
88,29/03/2020,2,48,-46
89,30/03/2020,1,46,-45
90,31/03/2020,1,47,-46
91,01/04/2020,11,24,-13
92,02/04/2020,79,9,70
93,03/04/2020,68,66,2
94,04/04/2020,80,50,30
95,05/04/2020,96,60,36
96,06/04/2020,305,43,262
97,07/04/2020,4,41,-37
98,08/04/2020,4,38,-34
99,09/04/2020,52,9,43
100,10/04/2020,12,9,3
101,11/04/2020,17,0,17
102,12/04/2020,46,1,45
103,13/04/2020,68,42,26
104,14/04/2020,67,43,24
105,15/04/2020,6,46,-40
106,16/04/2020,2,41,-39
107,17/04/2020,39,50,-11
108,18/04/2020,36,51,-15
109,19/04/2020,36,47,-11
110,20/04/2020,37,32,5
111,21/04/2020,1,1,0
112,22/04/2020,38,15,23
113,23/04/2020,39,13,26
114,24/04/2020,99,9,90
115,25/04/2020,128,29,99
116,26/04/2020,117,28,89
117,27/04/2020,98,31,67
118,28/04/2020,73,23,50
119,29/04/2020,141,36,105
120,30/04/2020,126,50,76
121,01/05/2020,12,31,-19
122,02/05/2020,54,38,16
123,03/05/2020,61,64,-3
124,04/05/2020,52,45,7
125,05/05/2020,104,49,55
126,06/05/2020,131,38,93
127,07/05/2020,5,37,-32
128,08/05/2020,0,38,-38
129,09/05/2020,35,9,26
130,10/05/2020,21,0,21
131,11/05/2020,10,15,-5
132,12/05/2020,47,0,47
133,13/05/2020,93,78,15
134,14/05/2020,95,76,19
135,15/05/2020,77,96,-19
136,16/05/2020,59,97,-38
137,17/05/2020,59,93,-34
138,18/05/2020,59,88,-29
139,19/05/2020,57,103,-46
140,20/05/2020,58,82,-24
141,21/05/2020,55,70,-15
142,22/05/2020,90,82,8
143,23/05/2020,61,70,-9
144,24/05/2020,79,58,21
145,25/05/2020,24,52,-28
146,26/05/2020,22,41,-19
147,27/05/2020,92,41,51
148,28/05/2020,120,35,85
149,29/05/2020,109,13,96
150,30/05/2020,103,0,103
151,31/05/2020,186,0,186
152,01/06/2020,11,41,-30
153,02/06/2020,74,38,36
154,03/06/2020,93,72,21
155,04/06/2020,70,40,30
156,05/06/2020,116,49,67
157,06/06/2020,47,37,10
158,07/06/2020,3,42,-39
159,08/06/2020,4,42,-38
160,09/06/2020,61,9,52
161,10/06/2020,38,0,38
162,11/06/2020,2,15,-13
163,12/06/2020,84,0,84
164,13/06/2020,45,37,8
165,14/06/2020,48,22,26
166,15/06/2020,47,0,47
167,16/06/2020,39,0,39
168,17/06/2020,21,0,21
169,18/06/2020,33,0,33
170,19/06/2020,18,0,18
171,20/06/2020,20,0,20
172,21/06/2020,19,0,19
173,22/06/2020,27,0,27
174,23/06/2020,16,0,16
175,24/06/2020,13,1,12
176,25/06/2020,25,2,23
177,26/06/2020,22,17,5
178,27/06/2020,18,26,-8
179,28/06/2020,30,37,-7
180,29/06/2020,32,41,-9
181,30/06/2020,30,36,-6
182,01/07/2020,11,37,-26
183,02/07/2020,54,39,15
184,03/07/2020,46,45,1
185,04/07/2020,53,41,12
186,05/07/2020,98,51,47
187,06/07/2020,64,38,26
188,07/07/2020,2,37,-35
189,08/07/2020,3,49,-46
190,09/07/2020,59,8,51
191,10/07/2020,41,0,41
192,11/07/2020,7,24,-17
193,12/07/2020,52,0,52
194,13/07/2020,39,37,2
195,14/07/2020,48,35,13
196,15/07/2020,45,45,0
197,16/07/2020,43,44,-1
198,17/07/2020,35,48,-13
199,18/07/2020,38,47,-9
200,19/07/2020,28,43,-15
201,20/07/2020,13,40,-27
202,21/07/2020,18,41,-23
203,22/07/2020,11,47,-36
204,23/07/2020,26,44,-18
205,24/07/2020,39,49,-10
206,25/07/2020,38,49,-11
207,26/07/2020,46,44,2
208,27/07/2020,13,46,-33
209,28/07/2020,16,48,-32
210,29/07/2020,13,32,-19
211,30/07/2020,11,5,6
212,31/07/2020,16,48,-32
213,01/08/2020,11,35,-24
214,02/08/2020,48,39,9
215,03/08/2020,102,59,43
216,04/08/2020,127,50,77
217,05/08/2020,93,49,44
218,06/08/2020,46,35,11
219,07/08/2020,5,33,-28
220,08/08/2020,2,43,-41
221,09/08/2020,102,8,94
222,10/08/2020,17,16,1
223,11/08/2020,11,0,11
224,12/08/2020,58,0,58
225,13/08/2020,50,43,7
226,14/08/2020,52,47,5
227,15/08/2020,30,43,-13
228,16/08/2020,51,34,17
229,17/08/2020,60,27,33
230,18/08/2020,62,31,31
231,19/08/2020,58,30,28
232,20/08/2020,58,30,28
233,21/08/2020,50,28,22
234,22/08/2020,68,29,39
235,23/08/2020,8,30,-22
236,24/08/2020,5,32,-27
237,25/08/2020,7,21,-14
238,26/08/2020,3,1,2
239,27/08/2020,3,1,2
240,28/08/2020,3,1,2
241,29/08/2020,4,1,3
242,30/08/2020,5,1,4
243,31/08/2020,5,1,4
244,01/09/2020,13,23,-10
245,02/09/2020,58,39,19
246,03/09/2020,145,56,89
247,04/09/2020,122,50,72
248,05/09/2020,91,40,51
249,06/09/2020,49,39,10
250,07/09/2020,1,38,-37
251,08/09/2020,1,45,-44
252,09/09/2020,100,8,92
253,10/09/2020,32,16,16
254,11/09/2020,10,0,10
255,12/09/2020,59,0,59
256,13/09/2020,46,9,37
257,14/09/2020,49,8,41
258,15/09/2020,50,8,42
259,16/09/2020,26,8,18
260,17/09/2020,26,23,3
261,18/09/2020,24,24,0
262,19/09/2020,10,26,-16
263,20/09/2020,18,21,-3
264,21/09/2020,27,8,19
265,22/09/2020,37,8,29
266,23/09/2020,44,8,36
267,24/09/2020,53,23,30
268,25/09/2020,52,23,29
269,26/09/2020,32,23,9
270,27/09/2020,32,16,16
271,28/09/2020,19,12,7
272,29/09/2020,49,0,49
273,30/09/2020,45,0,45
274,01/10/2020,10,34,-24
275,02/10/2020,25,9,16
276,03/10/2020,133,55,78
277,04/10/2020,126,51,75
278,05/10/2020,95,53,42
279,06/10/2020,50,39,11
280,07/10/2020,3,42,-39
281,08/10/2020,27,40,-13
282,09/10/2020,63,24,39
283,10/10/2020,22,22,0
284,11/10/2020,3,0,3
285,12/10/2020,63,0,63
286,13/10/2020,19,0,19
287,14/10/2020,24,0,24
288,15/10/2020,14,15,-1
289,16/10/2020,15,15,0
290,17/10/2020,18,15,3
291,18/10/2020,26,0,26
292,19/10/2020,20,0,20
293,20/10/2020,27,0,27
294,21/10/2020,23,0,23
295,22/10/2020,15,15,0
296,23/10/2020,5,15,-10
297,24/10/2020,11,15,-4
298,25/10/2020,19,15,4
299,26/10/2020,12,0,12
300,27/10/2020,15,0,15
301,28/10/2020,17,0,17
302,29/10/2020,10,15,-5
303,30/10/2020,7,16,-9
304,31/10/2020,11,15,-4
305,01/11/2020,11,31,-20
306,02/11/2020,19,12,7
307,03/11/2020,124,57,67
308,04/11/2020,108,49,59
309,05/11/2020,104,64,40
310,06/11/2020,54,38,16
311,07/11/2020,18,36,-18
312,08/11/2020,51,43,8
313,09/11/2020,66,23,43
314,10/11/2020,15,0,15
315,11/11/2020,5,0,5
316,12/11/2020,46,1,45
317,13/11/2020,12,15,-3
318,14/11/2020,7,15,-8
319,15/11/2020,6,0,6
320,16/11/2020,7,0,7
321,17/11/2020,5,0,5
322,18/11/2020,7,0,7
323,19/11/2020,6,15,-9
324,20/11/2020,2,15,-13
325,21/11/2020,5,15,-10
326,22/11/2020,3,0,3
327,23/11/2020,4,0,4
328,24/11/2020,4,0,4
329,25/11/2020,9,0,9
330,26/11/2020,4,15,-11
331,27/11/2020,6,16,-10
332,28/11/2020,5,0,5
333,29/11/2020,5,0,5
334,30/11/2020,1,0,1
335,01/12/2020,11,34,-23
336,02/12/2020,20,33,-13
337,03/12/2020,159,55,104
338,04/12/2020,86,48,38
339,05/12/2020,99,70,29
340,06/12/2020,43,34,9
341,07/12/2020,41,37,4
342,08/12/2020,45,44,1
343,09/12/2020,66,27,39
344,10/12/2020,13,0,13
345,11/12/2020,17,15,2
346,12/12/2020,48,0,48
347,13/12/2020,80,0,80
348,14/12/2020,30,0,30
349,15/12/2020,36,0,36
350,16/12/2020,33,0,33
351,17/12/2020,20,0,20
352,18/12/2020,8,0,8
353,19/12/2020,12,0,12
354,20/12/2020,134,0,134
355,21/12/2020,147,0,147
356,22/12/2020,254,0,254
357,23/12/2020,235,0,235
358,24/12/2020,122,0,122
359,25/12/2020,132,0,132
360,26/12/2020,169,0,169
361,27/12/2020,307,0,307
362,28/12/2020,211,0,211
363,29/12/2020,101,0,101
364,30/12/2020,110,0,110
365,31/12/2020,142,0,142
366,01/01/2021,109,0,109
367,02/01/2021,4,0,4
368,03/01/2021,6,0,6
369,04/01/2021,26,10,16
370,05/01/2021,86,55,31
371,06/01/2021,788,0,788
372,07/01/2021,45,0,45
373,08/01/2021,61,16,45
374,09/01/2021,98,70,28
375,10/01/2021,24,1,23
376,11/01/2021,18,0,18
377,12/01/2021,43,0,43
378,13/01/2021,110,0,110
379,14/01/2021,84,0,84
380,15/01/2021,74,1,73
381,16/01/2021,73,0,73
382,17/01/2021,61,0,61
383,18/01/2021,73,0,73
384,19/01/2021,98,0,98
385,20/01/2021,44,0,44
386,21/01/2021,108,0,108
387,22/01/2021,88,1,87
388,23/01/2021,73,0,73
389,24/01/2021,101,0,101
390,25/01/2021,147,0,147
391,26/01/2021,144,0,144
392,27/01/2021,214,0,214
393,28/01/2021,134,1,133
394,29/01/2021,4,0,4
395,30/01/2021,6,0,6
396,31/01/2021,3,0,3
397,01/02/2021,36,0,36
398,02/02/2021,14,0,14
399,03/02/2021,15,0,15
400,04/02/2021,27,22,5
401,05/02/2021,76,70,6
402,06/02/2021,842,0,842
403,07/02/2021,63,1,62
404,08/02/2021,83,17,66
405,09/02/2021,98,26,72
406,10/02/2021,14,0,14
407,11/02/2021,7,0,7
408,12/02/2021,45,16,29
409,13/02/2021,8,0,8
410,14/02/2021,33,0,33
411,15/02/2021,36,0,36
412,16/02/2021,37,0,37
413,17/02/2021,40,0,40
414,18/02/2021,37,1,36
415,19/02/2021,15,0,15
416,20/02/2021,8,0,8
417,21/02/2021,33,0,33
418,22/02/2021,34,0,34
419,23/02/2021,35,0,35
420,24/02/2021,34,0,34
421,25/02/2021,30,0,30
422,26/02/2021,7,0,7
423,27/02/2021,7,0,7
424,28/02/2021,15,0,15
425,01/03/2021,72,0,72
426,02/03/2021,15,0,15
427,03/03/2021,20,0,20
428,04/03/2021,27,32,-5
429,05/03/2021,88,71,17
430,06/03/2021,846,0,846
431,07/03/2021,103,0,103
432,08/03/2021,63,16,47
433,09/03/2021,68,40,28
434,10/03/2021,11,0,11
435,11/03/2021,19,0,19
436,12/03/2021,30,14,16
437,13/03/2021,43,0,43
438,14/03/2021,60,0,60
439,15/03/2021,71,0,71
440,16/03/2021,64,0,64
441,17/03/2021,66,10,56
442,18/03/2021,54,10,44
443,19/03/2021,35,10,25
444,20/03/2021,12,10,2
445,21/03/2021,27,10,17
446,22/03/2021,19,10,9
447,23/03/2021,18,10,8
448,24/03/2021,18,10,8
449,25/03/2021,1,10,-9
450,26/03/2021,55,11,44
451,27/03/2021,45,10,35
452,28/03/2021,53,0,53
453,29/03/2021,30,10,20
454,30/03/2021,24,10,14
455,31/03/2021,25,10,15
456,01/04/2021,96,0,96
457,02/04/2021,15,0,15
458,03/04/2021,49,0,49
459,04/04/2021,35,32,3
460,05/04/2021,85,100,-15
461,06/04/2021,648,2,646
462,07/04/2021,114,0,114
463,08/04/2021,57,16,41
464,09/04/2021,50,14,36
465,10/04/2021,20,0,20
466,11/04/2021,18,0,18
467,12/04/2021,25,10,15
468,13/04/2021,70,24,46
469,14/04/2021,59,4,55
470,15/04/2021,79,44,35
471,16/04/2021,74,60,14
472,17/04/2021,73,58,15
473,18/04/2021,93,69,24
474,19/04/2021,125,64,61
475,20/04/2021,135,91,44
476,21/04/2021,130,96,34
477,22/04/2021,134,90,44
478,23/04/2021,159,90,69
479,24/04/2021,132,59,73
480,25/04/2021,125,83,42
481,26/04/2021,108,65,43
482,27/04/2021,98,88,10
483,28/04/2021,96,90,6
484,29/04/2021,102,91,11
485,30/04/2021,101,72,29
486,01/05/2021,86,0,86
487,02/05/2021,8,1,7
488,03/05/2021,23,0,23
489,04/05/2021,93,29,64
490,05/05/2021,79,91,-12
491,06/05/2021,610,0,610
492,07/05/2021,106,0,106
493,08/05/2021,73,17,56
494,09/05/2021,72,28,44
495,10/05/2021,20,2,18
496,11/05/2021,18,0,18
497,12/05/2021,24,10,14
498,13/05/2021,77,31,46
499,14/05/2021,19,28,-9
500,15/05/2021,24,24,0
501,16/05/2021,7,16,-9
502,17/05/2021,5,25,-20
503,18/05/2021,20,27,-7
504,19/05/2021,43,28,15
505,20/05/2021,22,33,-11
506,21/05/2021,27,32,-5
507,22/05/2021,22,23,-1
508,23/05/2021,39,24,15
509,24/05/2021,57,27,30
510,25/05/2021,62,26,36
511,26/05/2021,109,19,90
512,27/05/2021,174,0,174
513,28/05/2021,152,0,152
514,29/05/2021,83,0,83
515,30/05/2021,201,0,201
516,31/05/2021,306,0,306
517,01/06/2021,92,0,92
518,02/06/2021,8,0,8
519,03/06/2021,11,0,11
520,04/06/2021,94,22,72
521,05/06/2021,78,92,-14
522,06/06/2021,612,0,612
523,07/06/2021,124,0,124
524,08/06/2021,37,10,27
525,09/06/2021,58,8,50
526,10/06/2021,20,0,20
527,11/06/2021,10,0,10
528,12/06/2021,33,11,22
529,13/06/2021,260,0,260
530,14/06/2021,236,0,236
531,15/06/2021,254,0,254
532,16/06/2021,220,0,220
533,17/06/2021,234,0,234
534,18/06/2021,238,0,238
535,19/06/2021,234,0,234
536,20/06/2021,248,0,248
537,21/06/2021,300,0,300
538,22/06/2021,242,0,242
539,23/06/2021,306,0,306
540,24/06/2021,224,0,224
541,25/06/2021,204,2,202
542,26/06/2021,168,0,168
543,27/06/2021,140,0,140
544,28/06/2021,108,0,108
545,29/06/2021,112,0,112
546,30/06/2021,140,0,140
547,01/07/2021,38,0,38
548,02/07/2021,17,0,17
549,03/07/2021,24,0,24
550,04/07/2021,104,23,81
551,05/07/2021,54,88,-34
552,06/07/2021,340,0,340
553,07/07/2021,113,6,107
554,08/07/2021,29,10,19
555,09/07/2021,58,0,58
556,10/07/2021,19,0,19
557,11/07/2021,5,0,5
558,12/07/2021,42,10,32
559,13/07/2021,138,16,122
560,14/07/2021,124,12,112
561,15/07/2021,105,16,89
562,16/07/2021,47,11,36
563,17/07/2021,95,10,85
564,18/07/2021,82,0,82
565,19/07/2021,157,16,141
566,20/07/2021,159,16,143
567,21/07/2021,118,16,102
568,22/07/2021,109,17,92
569,23/07/2021,76,10,66
570,24/07/2021,65,10,55
571,25/07/2021,69,16,53
572,26/07/2021,94,16,78
573,27/07/2021,134,16,118
574,28/07/2021,112,16,96
575,29/07/2021,75,16,59
576,30/07/2021,38,9,29
577,31/07/2021,20,10,10
578,01/08/2021,36,1,35
579,02/08/2021,15,0,15
580,03/08/2021,34,0,34
581,04/08/2021,68,9,59
582,05/08/2021,57,85,-28
583,06/08/2021,294,0,294
584,07/08/2021,122,16,106
585,08/08/2021,57,10,47
586,09/08/2021,56,0,56
587,10/08/2021,24,2,22
588,11/08/2021,16,0,16
589,12/08/2021,43,13,30
590,13/08/2021,40,0,40
591,14/08/2021,22,0,22
592,15/08/2021,39,6,33
593,16/08/2021,25,6,19
594,17/08/2021,27,6,21
595,18/08/2021,46,6,40
596,19/08/2021,32,6,26
597,20/08/2021,15,0,15
598,21/08/2021,19,0,19
599,22/08/2021,31,6,25
600,23/08/2021,20,6,14
601,24/08/2021,38,0,38
602,25/08/2021,46,0,46
603,26/08/2021,51,7,44
604,27/08/2021,14,17,-3
605,28/08/2021,12,0,12
606,29/08/2021,50,5,45
607,30/08/2021,70,5,65
608,31/08/2021,59,5,54
609,01/09/2021,38,0,38
610,02/09/2021,17,0,17
611,03/09/2021,28,0,28
612,04/09/2021,134,29,105
613,05/09/2021,65,88,-23
614,06/09/2021,262,0,262
615,07/09/2021,140,10,130
616,08/09/2021,34,11,23
617,09/09/2021,88,0,88
618,10/09/2021,19,0,19
619,11/09/2021,10,0,10
620,12/09/2021,44,15,29
621,13/09/2021,78,0,78
622,14/09/2021,80,0,80
623,15/09/2021,24,0,24
624,16/09/2021,24,0,24
625,17/09/2021,22,0,22
626,18/09/2021,22,0,22
627,19/09/2021,32,0,32
628,20/09/2021,30,0,30
629,21/09/2021,26,0,26
630,22/09/2021,18,0,18
631,23/09/2021,40,0,40
632,24/09/2021,34,2,32
633,25/09/2021,34,0,34
634,26/09/2021,48,0,48
635,27/09/2021,68,0,68
636,28/09/2021,62,0,62
637,29/09/2021,60,0,60
638,30/09/2021,48,0,48
639,01/10/2021,102,0,102
640,02/10/2021,15,0,15
641,03/10/2021,33,0,33
642,04/10/2021,135,25,110
643,05/10/2021,76,87,-11
644,06/10/2021,252,0,252
645,07/10/2021,143,10,133
646,08/10/2021,47,10,37
647,09/10/2021,58,0,58
648,10/10/2021,20,0,20
649,11/10/2021,10,0,10
650,12/10/2021,28,10,18
651,13/10/2021,27,0,27
652,14/10/2021,26,0,26
653,15/10/2021,21,0,21
654,16/10/2021,24,0,24
655,17/10/2021,11,0,11
656,18/10/2021,12,0,12
657,19/10/2021,25,1,24
658,20/10/2021,23,0,23
659,21/10/2021,15,0,15
660,22/10/2021,21,4,17
661,23/10/2021,21,0,21
662,24/10/2021,24,0,24
663,25/10/2021,24,0,24
664,26/10/2021,25,0,25
665,27/10/2021,16,0,16
666,28/10/2021,25,0,25
667,29/10/2021,11,0,11
668,30/10/2021,23,0,23
669,31/10/2021,13,0,13
670,01/11/2021,166,0,166
671,02/11/2021,23,0,23
672,03/11/2021,53,0,53
673,04/11/2021,133,28,105
674,05/11/2021,76,86,-10
675,06/11/2021,252,2,250
676,07/11/2021,130,15,115
677,08/11/2021,36,9,27
678,09/11/2021,62,0,62
679,10/11/2021,10,0,10
680,11/11/2021,10,0,10
681,12/11/2021,22,11,11
682,13/11/2021,12,0,12
683,14/11/2021,13,0,13
684,15/11/2021,30,0,30
685,16/11/2021,27,0,27
686,17/11/2021,33,0,33
687,18/11/2021,21,0,21
688,19/11/2021,24,0,24
689,20/11/2021,27,0,27
690,21/11/2021,40,0,40
691,22/11/2021,31,0,31
692,23/11/2021,38,0,38
693,24/11/2021,45,0,45
694,25/11/2021,35,0,35
695,26/11/2021,18,0,18
696,27/11/2021,20,0,20
697,28/11/2021,37,0,37
698,29/11/2021,37,0,37
699,30/11/2021,32,0,32
700,01/12/2021,144,0,144
701,02/12/2021,9,0,9
702,03/12/2021,55,1,54
703,04/12/2021,126,24,102
704,05/12/2021,79,62,17
705,06/12/2021,260,0,260
706,07/12/2021,147,17,130
707,08/12/2021,40,10,30
708,09/12/2021,140,0,140
709,10/12/2021,18,0,18
710,11/12/2021,9,0,9
711,12/12/2021,41,10,31
712,13/12/2021,47,10,37
713,14/12/2021,47,15,32
714,15/12/2021,27,10,17
715,16/12/2021,52,10,42
716,17/12/2021,55,10,45
717,18/12/2021,49,10,39
718,19/12/2021,53,10,43
719,20/12/2021,54,10,44
720,21/12/2021,53,10,43
721,22/12/2021,88,10,78
722,23/12/2021,139,10,129
723,24/12/2021,117,10,107
724,25/12/2021,120,10,110
725,26/12/2021,157,10,147
726,27/12/2021,144,10,134
727,28/12/2021,119,10,109
728,29/12/2021,110,10,100
729,30/12/2021,99,10,89
730,31/12/2021,83,10,73
731,01/01/2022,57,10,47
732,02/01/2022,78,0,78
733,03/01/2022,9,0,9
734,04/01/2022,41,39,2
735,05/01/2022,117,8,109
736,06/01/2022,38,0,38
737,07/01/2022,37,0,37
738,08/01/2022,1,0,1
739,09/01/2022,10,3,7
740,10/01/2022,17,0,17
741,11/01/2022,35,0,35
742,12/01/2022,101,0,101
743,13/01/2022,53,11,42
744,14/01/2022,51,18,33
745,15/01/2022,49,17,32
746,16/01/2022,46,11,35
747,17/01/2022,28,10,18
748,18/01/2022,19,10,9
749,19/01/2022,24,10,14
750,20/01/2022,20,11,9
751,21/01/2022,8,11,-3
752,22/01/2022,10,10,0
753,23/01/2022,22,10,12
754,24/01/2022,24,10,14
755,25/01/2022,70,10,60
756,26/01/2022,80,10,70
757,27/01/2022,79,11,68
758,28/01/2022,73,10,63
759,29/01/2022,84,10,74
760,30/01/2022,80,10,70
761,31/01/2022,85,10,75
762,01/02/2022,26,10,16
763,02/02/2022,72,0,72
764,03/02/2022,26,0,26
765,04/02/2022,40,29,11
766,05/02/2022,129,0,129
767,06/02/2022,46,0,46
768,07/02/2022,28,0,28
769,08/02/2022,1,0,1
770,09/02/2022,15,12,3
771,10/02/2022,19,0,19
772,11/02/2022,40,0,40
773,12/02/2022,97,0,97
774,13/02/2022,28,0,28
775,14/02/2022,22,0,22
776,15/02/2022,30,0,30
777,16/02/2022,44,0,44
778,17/02/2022,41,0,41
779,18/02/2022,42,0,42
780,19/02/2022,17,0,17
781,20/02/2022,13,0,13
782,21/02/2022,12,0,12
783,22/02/2022,11,0,11
784,23/02/2022,15,0,15
785,24/02/2022,12,0,12
786,25/02/2022,18,7,11
787,26/02/2022,13,0,13
788,27/02/2022,15,0,15
789,28/02/2022,13,0,13
790,01/03/2022,23,10,13
791,02/03/2022,73,0,73
792,03/03/2022,18,0,18
793,04/03/2022,52,30,22
794,05/03/2022,78,0,78
795,06/03/2022,54,8,46
796,07/03/2022,23,0,23
797,08/03/2022,1,0,1
798,09/03/2022,8,2,6
799,10/03/2022,20,0,20
800,11/03/2022,47,0,47
801,12/03/2022,74,0,74
802,13/03/2022,104,20,84
803,14/03/2022,95,1,94
804,15/03/2022,110,20,90
805,16/03/2022,83,17,66
806,17/03/2022,90,25,65
807,18/03/2022,80,18,62
808,19/03/2022,62,10,52
809,20/03/2022,37,10,27
810,21/03/2022,79,10,69
811,22/03/2022,78,10,68
812,23/03/2022,59,10,49
813,24/03/2022,68,10,58
814,25/03/2022,69,18,51
815,26/03/2022,68,10,58
816,27/03/2022,72,10,62
817,28/03/2022,65,10,55
818,29/03/2022,55,11,44
819,30/03/2022,53,10,43
820,31/03/2022,53,24,29
821,01/04/2022,40,10,30
822,02/04/2022,73,0,73
823,03/04/2022,21,8,13
824,04/04/2022,64,30,34
825,05/04/2022,39,0,39
826,06/04/2022,29,0,29
827,07/04/2022,27,0,27
828,08/04/2022,5,0,5
829,09/04/2022,16,0,16
830,10/04/2022,19,0,19
831,11/04/2022,32,0,32
832,12/04/2022,97,0,97
833,13/04/2022,123,40,83
834,14/04/2022,131,40,91
835,15/04/2022,117,33,84
836,16/04/2022,108,23,85
837,17/04/2022,111,11,100
838,18/04/2022,110,10,100
839,19/04/2022,65,10,55
840,20/04/2022,77,13,64
841,21/04/2022,89,18,71
842,22/04/2022,68,18,50
843,23/04/2022,50,10,40
844,24/04/2022,37,10,27
845,25/04/2022,54,11,43
846,26/04/2022,44,18,26
847,27/04/2022,24,11,13
848,28/04/2022,16,0,16
849,29/04/2022,97,45,52
850,30/04/2022,70,37,33
851,01/05/2022,73,10,63
852,02/05/2022,85,0,85
853,03/05/2022,11,0,11
854,04/05/2022,88,29,59
855,05/05/2022,168,0,168
856,06/05/2022,19,0,19
857,07/05/2022,30,19,11
858,08/05/2022,8,8,0
859,09/05/2022,16,0,16
860,10/05/2022,16,0,16
861,11/05/2022,45,0,45
862,12/05/2022,104,0,104
863,13/05/2022,37,8,29
864,14/05/2022,29,0,29
865,15/05/2022,42,0,42
866,16/05/2022,36,0,36
867,17/05/2022,41,0,41
868,18/05/2022,39,0,39
869,19/05/2022,35,0,35
870,20/05/2022,90,8,82
871,21/05/2022,82,0,82
872,22/05/2022,92,0,92
873,23/05/2022,88,0,88
874,24/05/2022,102,0,102
875,25/05/2022,100,0,100
876,26/05/2022,102,0,102
877,27/05/2022,129,8,121
878,28/05/2022,114,0,114
879,29/05/2022,100,0,100
880,30/05/2022,53,0,53
881,31/05/2022,39,0,39
882,01/06/2022,75,10,65
883,02/06/2022,19,0,19
884,03/06/2022,25,5,20
885,04/06/2022,100,31,69
886,05/06/2022,120,0,120
887,06/06/2022,26,0,26
888,07/06/2022,29,18,11
889,08/06/2022,5,0,5
890,09/06/2022,19,7,12
891,10/06/2022,16,0,16
892,11/06/2022,18,0,18
893,12/06/2022,97,0,97
894,13/06/2022,25,0,25
895,14/06/2022,21,0,21
896,15/06/2022,33,0,33
897,16/06/2022,25,0,25
898,17/06/2022,33,0,33
899,18/06/2022,30,0,30
900,19/06/2022,11,0,11
901,20/06/2022,31,0,31
902,21/06/2022,22,0,22
903,22/06/2022,38,0,38
904,23/06/2022,35,0,35
905,24/06/2022,42,0,42
906,25/06/2022,30,0,30
907,26/06/2022,26,0,26
908,27/06/2022,10,0,10
909,28/06/2022,26,0,26
910,29/06/2022,30,0,30
911,30/06/2022,42,0,42
912,01/07/2022,70,10,60
913,02/07/2022,31,0,31
914,03/07/2022,25,0,25
915,04/07/2022,97,30,67
916,05/07/2022,118,0,118
917,06/07/2022,33,0,33
918,07/07/2022,17,19,-2
919,08/07/2022,3,0,3
920,09/07/2022,17,7,10
921,10/07/2022,16,9,7
922,11/07/2022,53,0,53
923,12/07/2022,127,0,127
924,13/07/2022,18,12,6
925,14/07/2022,10,12,-2
926,15/07/2022,14,20,-6
927,16/07/2022,11,12,-1
928,17/07/2022,14,14,0
929,18/07/2022,6,12,-6
930,19/07/2022,12,12,0
931,20/07/2022,20,12,8
932,21/07/2022,15,12,3
933,22/07/2022,22,20,2
934,23/07/2022,16,12,4
935,24/07/2022,14,12,2
936,25/07/2022,10,12,-2
937,26/07/2022,7,12,-5
938,27/07/2022,12,12,0
939,28/07/2022,13,12,1
940,29/07/2022,7,20,-13
941,30/07/2022,11,12,-1
942,31/07/2022,5,12,-7
943,01/08/2022,65,10,55
944,02/08/2022,23,0,23
945,03/08/2022,41,5,36
946,04/08/2022,59,25,34
947,05/08/2022,100,0,100
948,06/08/2022,19,0,19
949,07/08/2022,25,26,-1
950,08/08/2022,6,0,6
951,09/08/2022,20,7,13
952,10/08/2022,5,0,5
953,11/08/2022,70,0,70
954,12/08/2022,131,0,131
955,13/08/2022,14,0,14
956,14/08/2022,12,0,12
957,15/08/2022,16,0,16
958,16/08/2022,18,0,18
959,17/08/2022,25,0,25
960,18/08/2022,32,0,32
961,19/08/2022,28,8,20
962,20/08/2022,31,0,31
963,21/08/2022,17,0,17
964,22/08/2022,19,0,19
965,23/08/2022,13,0,13
966,24/08/2022,16,0,16
967,25/08/2022,15,0,15
968,26/08/2022,12,11,1
969,27/08/2022,14,3,11
970,28/08/2022,11,4,7
971,29/08/2022,8,4,4
972,30/08/2022,11,2,9
973,31/08/2022,12,4,8
974,01/09/2022,64,10,54
975,02/09/2022,28,0,28
976,03/09/2022,49,0,49
977,04/09/2022,42,24,18
978,05/09/2022,83,0,83
979,06/09/2022,27,0,27
980,07/09/2022,23,12,11
981,08/09/2022,5,0,5
982,09/09/2022,23,11,12
983,10/09/2022,7,7,0
984,11/09/2022,76,0,76
985,12/09/2022,68,0,68
986,13/09/2022,53,8,45
987,14/09/2022,50,7,43
988,15/09/2022,62,9,53
989,16/09/2022,37,9,28
990,17/09/2022,58,0,58
991,18/09/2022,45,7,38
992,19/09/2022,39,8,31
993,20/09/2022,39,0,39
994,21/09/2022,44,0,44
995,22/09/2022,44,1,43
996,23/09/2022,17,9,8
997,24/09/2022,20,0,20
998,25/09/2022,33,10,23
999,26/09/2022,34,0,34
1000,27/09/2022,28,0,28
1001,28/09/2022,34,0,34
1002,29/09/2022,40,0,40
1003,30/09/2022,25,8,17
1004,01/10/2022,51,10,41
1005,02/10/2022,30,0,30
1006,03/10/2022,74,20,54
1007,04/10/2022,103,38,65
1008,05/10/2022,92,0,92
1009,06/10/2022,33,8,25
1010,07/10/2022,8,12,-4
1011,08/10/2022,7,0,7
1012,09/10/2022,27,0,27
1013,10/10/2022,6,0,6
1014,11/10/2022,70,0,70
1015,12/10/2022,58,0,58
1016,13/10/2022,6,0,6
1017,14/10/2022,7,8,-1
1018,15/10/2022,8,0,8
1019,16/10/2022,6,8,-2
1020,17/10/2022,6,0,6
1021,18/10/2022,8,0,8
1022,19/10/2022,14,0,14
1023,20/10/2022,20,0,20
1024,21/10/2022,20,8,12
1025,22/10/2022,10,0,10
1026,23/10/2022,7,0,7
1027,24/10/2022,10,0,10
1028,25/10/2022,9,0,9
1029,26/10/2022,8,0,8
1030,27/10/2022,12,0,12
1031,28/10/2022,18,8,10
1032,29/10/2022,18,0,18
1033,30/10/2022,29,0,29
1034,31/10/2022,31,0,31
1035,01/11/2022,54,10,44
1036,02/11/2022,37,0,37
1037,03/11/2022,68,10,58
1038,04/11/2022,116,38,78
1039,05/11/2022,59,0,59
1040,06/11/2022,20,0,20
1041,07/11/2022,10,13,-3
1042,08/11/2022,19,0,19
1043,09/11/2022,40,8,32
1044,10/11/2022,18,0,18
1045,11/11/2022,64,0,64
1046,12/11/2022,85,0,85
1047,13/11/2022,54,0,54
1048,14/11/2022,32,0,32
1049,15/11/2022,42,0,42
1050,16/11/2022,59,0,59
1051,17/11/2022,64,1,63
1052,18/11/2022,79,0,79
1053,19/11/2022,88,0,88
1054,20/11/2022,98,1,97
1055,21/11/2022,100,1,99
1056,22/11/2022,86,0,86
1057,23/11/2022,80,0,80
1058,24/11/2022,47,0,47
1059,25/11/2022,34,0,34
1060,26/11/2022,29,0,29
1061,27/11/2022,45,0,45
1062,28/11/2022,53,0,53
1063,29/11/2022,42,0,42
1064,30/11/2022,51,0,51
1065,01/12/2022,55,10,45
1066,02/12/2022,40,0,40
1067,03/12/2022,61,2,59
1068,04/12/2022,128,38,90
1069,05/12/2022,45,0,45
1070,06/12/2022,7,0,7
1071,07/12/2022,15,12,3
1072,08/12/2022,12,8,4
1073,09/12/2022,61,9,52
1074,10/12/2022,6,0,6
1075,11/12/2022,59,1,58
1076,12/12/2022,86,0,86
1077,13/12/2022,63,0,63
1078,14/12/2022,70,1,69
1079,15/12/2022,73,0,73
1080,16/12/2022,54,0,54
1081,17/12/2022,36,0,36
1082,18/12/2022,20,0,20
1083,19/12/2022,21,0,21
1084,20/12/2022,20,0,20
1085,21/12/2022,20,1,19
1086,22/12/2022,19,0,19
1087,23/12/2022,38,0,38
1088,24/12/2022,42,0,42
1089,25/12/2022,37,0,37
1090,26/12/2022,40,0,40
1091,27/12/2022,41,10,31
1092,28/12/2022,16,10,6
1093,29/12/2022,22,10,12
1094,30/12/2022,20,10,10
1095,31/12/2022,23,10,13
1096,01/01/2023,9,12,-3
1097,02/01/2023,126,11,115
1098,03/01/2023,46,1,45
1099,04/01/2023,70,21,49
1100,05/01/2023,24,5,19
1101,06/01/2023,11,6,5
1102,07/01/2023,108,11,97
1103,08/01/2023,136,0,136
1104,09/01/2023,8,2,6
1105,10/01/2023,60,0,60
1106,11/01/2023,2,0,2
1107,12/01/2023,0,0,0
1108,13/01/2023,20,11,9
1109,14/01/2023,23,10,13
1110,15/01/2023,22,10,12
1111,16/01/2023,22,12,10
1112,17/01/2023,22,12,10
1113,18/01/2023,22,10,12
1114,19/01/2023,24,10,14
1115,20/01/2023,21,11,10
1116,21/01/2023,15,11,4
1117,22/01/2023,12,10,2
1118,23/01/2023,12,14,-2
1119,24/01/2023,12,12,0
1120,25/01/2023,12,10,2
1121,26/01/2023,22,10,12
1122,27/01/2023,30,10,20
1123,28/01/2023,39,10,29
1124,29/01/2023,31,10,21
1125,30/01/2023,51,12,39
1126,31/01/2023,99,12,87
1127,01/02/2023,15,10,5
1128,02/02/2023,63,12,51
1129,03/02/2023,45,0,45
1130,04/02/2023,88,25,63
1131,05/02/2023,28,4,24
1132,06/02/2023,23,2,21
1133,07/02/2023,169,10,159
1134,08/02/2023,123,0,123
1135,09/02/2023,8,0,8
1136,10/02/2023,58,0,58
1137,11/02/2023,3,0,3
1138,12/02/2023,0,0,0
1139,13/02/2023,19,10,9
1140,14/02/2023,26,11,15
1141,15/02/2023,42,16,26
1142,16/02/2023,35,12,23
1143,17/02/2023,36,11,25
1144,18/02/2023,48,10,38
1145,19/02/2023,87,11,76
1146,20/02/2023,117,11,106
1147,21/02/2023,82,1,81
1148,22/02/2023,116,1,115
1149,23/02/2023,108,2,106
1150,24/02/2023,72,1,71
1151,25/02/2023,52,1,51
1152,26/02/2023,104,0,104
1153,27/02/2023,112,2,110
1154,28/02/2023,69,1,68
1155,01/03/2023,24,31,-7
1156,02/03/2023,40,11,29
1157,03/03/2023,44,0,44
1158,04/03/2023,76,23,53
1159,05/03/2023,30,6,24
1160,06/03/2023,15,0,15
1161,07/03/2023,126,9,117
1162,08/03/2023,104,0,104
1163,09/03/2023,22,2,20
1164,10/03/2023,57,0,57
1165,11/03/2023,2,0,2
1166,12/03/2023,0,0,0
1167,13/03/2023,52,0,52
1168,14/03/2023,48,2,46
1169,15/03/2023,34,0,34
1170,16/03/2023,31,0,31
1171,17/03/2023,27,1,26
1172,18/03/2023,21,0,21
1173,19/03/2023,32,0,32
1174,20/03/2023,45,0,45
1175,21/03/2023,57,0,57
1176,22/03/2023,64,1,63
1177,23/03/2023,49,16,33
1178,24/03/2023,39,19,20
1179,25/03/2023,39,36,3
1180,26/03/2023,35,40,-5
1181,27/03/2023,58,43,15
1182,28/03/2023,62,41,21
1183,29/03/2023,62,35,27
1184,30/03/2023,68,36,32
1185,31/03/2023,54,32,22
1186,01/04/2023,19,22,-3
1187,02/04/2023,44,10,34
1188,03/04/2023,32,1,31
1189,04/04/2023,86,25,61
1190,05/04/2023,25,8,17
1191,06/04/2023,21,0,21
1192,07/04/2023,134,11,123
1193,08/04/2023,87,0,87
1194,09/04/2023,20,0,20
1195,10/04/2023,94,0,94
1196,11/04/2023,2,0,2
1197,12/04/2023,0,0,0
1198,13/04/2023,74,28,46
1199,14/04/2023,56,23,33
1200,15/04/2023,29,23,6
1201,16/04/2023,48,5,43
1202,17/04/2023,54,10,44
1203,18/04/2023,5,0,5
1204,19/04/2023,46,34,12
1205,20/04/2023,44,36,8
1206,21/04/2023,18,29,-11
1207,22/04/2023,23,21,2
1208,23/04/2023,39,25,14
1209,24/04/2023,21,15,6
1210,25/04/2023,13,1,12
1211,26/04/2023,31,4,27
1212,27/04/2023,27,6,21
1213,28/04/2023,28,2,26
1214,29/04/2023,25,1,24
1215,30/04/2023,26,0,26
1216,01/05/2023,16,19,-3
1217,02/05/2023,36,10,26
1218,03/05/2023,30,1,29
1219,04/05/2023,85,27,58
1220,05/05/2023,22,5,17
1221,06/05/2023,26,0,26
1222,07/05/2023,140,10,130
1223,08/05/2023,81,1,80
1224,09/05/2023,32,0,32
1225,10/05/2023,21,0,21
1226,11/05/2023,2,0,2
1227,12/05/2023,0,0,0
1228,13/05/2023,14,0,14
1229,14/05/2023,22,1,21
1230,15/05/2023,29,4,25
1231,16/05/2023,18,3,15
1232,17/05/2023,21,5,16
1233,18/05/2023,23,7,16
1234,19/05/2023,20,2,18
1235,20/05/2023,20,0,20
1236,21/05/2023,28,0,28
1237,22/05/2023,21,4,17
1238,23/05/2023,34,4,30
1239,24/05/2023,41,6,35
1240,25/05/2023,4,6,-2
1241,26/05/2023,0,2,-2
1242,27/05/2023,4,0,4
1243,28/05/2023,3,1,2
1244,29/05/2023,2,4,-2
1245,30/05/2023,12,4,8
1246,31/05/2023,7,5,2
1247,01/06/2023,37,10,27
1248,02/06/2023,49,10,39
1249,03/06/2023,58,1,57
1250,04/06/2023,75,27,48
1251,05/06/2023,11,0,11
1252,06/06/2023,29,0,29
1253,07/06/2023,83,10,73
1254,08/06/2023,93,0,93
1255,09/06/2023,35,1,34
1256,10/06/2023,7,3,4
1257,11/06/2023,2,0,2
1258,12/06/2023,0,7,-7
1259,13/06/2023,98,0,98
1260,14/06/2023,132,10,122
1261,15/06/2023,184,11,173
1262,16/06/2023,131,22,109
1263,17/06/2023,108,25,83
1264,18/06/2023,216,26,190
1265,19/06/2023,202,26,176
1266,20/06/2023,176,24,152
1267,21/06/2023,205,25,180
1268,22/06/2023,198,27,171
1269,23/06/2023,86,26,60
1270,24/06/2023,62,25,37
1271,25/06/2023,160,25,135
1272,26/06/2023,149,26,123
1273,27/06/2023,163,24,139
1274,28/06/2023,169,25,144
1275,29/06/2023,154,25,129
1276,30/06/2023,90,10,80
1277,01/07/2023,37,10,27
1278,02/07/2023,41,13,28
1279,03/07/2023,42,0,42
1280,04/07/2023,70,25,45
1281,05/07/2023,6,0,6
1282,06/07/2023,41,0,41
1283,07/07/2023,44,10,34
1284,08/07/2023,101,26,75
1285,09/07/2023,33,0,33
1286,10/07/2023,2,0,2
1287,11/07/2023,2,0,2
1288,12/07/2023,0,10,-10
1289,13/07/2023,62,10,52
1290,14/07/2023,30,10,20
1291,15/07/2023,22,10,12
1292,16/07/2023,61,10,51
1293,17/07/2023,54,35,19
1294,18/07/2023,56,30,26
1295,19/07/2023,47,30,17
1296,20/07/2023,58,31,27
1297,21/07/2023,38,30,8
1298,22/07/2023,28,31,-3
1299,23/07/2023,62,11,51
1300,24/07/2023,111,10,101
1301,25/07/2023,99,10,89
1302,26/07/2023,80,10,70
1303,27/07/2023,53,10,43
1304,28/07/2023,71,9,62
1305,29/07/2023,70,10,60
1306,30/07/2023,151,10,141
1307,31/07/2023,147,11,136
1308,01/08/2023,38,10,28
1309,02/08/2023,42,14,28
1310,03/08/2023,36,0,36
1311,04/08/2023,79,23,56
1312,05/08/2023,0,4,-4
1313,06/08/2023,87,0,87
1314,07/08/2023,31,10,21
1315,08/08/2023,125,23,102
1316,09/08/2023,13,0,13
1317,10/08/2023,6,0,6
1318,11/08/2023,3,0,3
1319,12/08/2023,0,5,-5
1320,13/08/2023,85,0,85
1321,14/08/2023,161,0,161
1322,15/08/2023,211,0,211
1323,16/08/2023,243,0,243
1324,17/08/2023,326,0,326
1325,18/08/2023,273,0,273
1326,19/08/2023,162,0,162
1327,20/08/2023,338,0,338
1328,21/08/2023,282,0,282
1329,22/08/2023,244,0,244
1330,23/08/2023,214,0,214
1331,24/08/2023,147,0,147
1332,25/08/2023,49,0,49
1333,26/08/2023,44,0,44
1334,27/08/2023,60,0,60
1335,28/08/2023,52,0,52
1336,29/08/2023,43,1,42
1337,30/08/2023,34,1,33
1338,31/08/2023,18,0,18
1339,01/09/2023,35,11,24
1340,02/09/2023,34,11,23
1341,03/09/2023,48,1,47
1342,04/09/2023,89,23,66
1343,05/09/2023,2,5,-3
1344,06/09/2023,94,0,94
1345,07/09/2023,46,10,36
1346,08/09/2023,105,23,82
1347,09/09/2023,20,0,20
1348,10/09/2023,9,0,9
1349,11/09/2023,2,0,2
1350,12/09/2023,1,0,1
1351,13/09/2023,27,0,27
1352,14/09/2023,31,0,31
1353,15/09/2023,8,0,8
1354,16/09/2023,4,0,4
1355,17/09/2023,14,0,14
1356,18/09/2023,13,0,13
1357,19/09/2023,14,0,14
1358,20/09/2023,11,0,11
1359,21/09/2023,13,0,13
1360,22/09/2023,0,1,-1
1361,23/09/2023,1,0,1
1362,24/09/2023,4,0,4
1363,25/09/2023,0,0,0
1364,26/09/2023,11,0,11
1365,27/09/2023,17,0,17
1366,28/09/2023,17,0,17
1367,29/09/2023,4,0,4
1368,30/09/2023,2,0,2
1369,01/10/2023,13,17,-4
1370,02/10/2023,21,14,7
1371,03/10/2023,26,0,26
1372,04/10/2023,90,27,63
1373,05/10/2023,14,6,8
1374,06/10/2023,86,0,86
1375,07/10/2023,42,10,32
1376,08/10/2023,110,1,109
1377,09/10/2023,40,0,40
1378,10/10/2023,12,0,12
1379,11/10/2023,2,0,2
1380,12/10/2023,0,0,0
1381,13/10/2023,0,0,0
1382,14/10/2023,0,0,0
1383,15/10/2023,0,0,0
1384,16/10/2023,1,0,1
1385,17/10/2023,0,0,0
1386,18/10/2023,0,0,0
1387,19/10/2023,0,0,0
1388,20/10/2023,0,0,0
1389,21/10/2023,0,0,0
1390,22/10/2023,0,0,0
1391,23/10/2023,0,0,0
1392,24/10/2023,0,0,0
1393,25/10/2023,0,0,0
1394,26/10/2023,0,0,0
1395,27/10/2023,0,0,0
1396,28/10/2023,0,0,0
1397,29/10/2023,0,0,0
1398,30/10/2023,0,0,0
1399,31/10/2023,0,0,0
1400,01/11/2023,14,13,1
1401,02/11/2023,21,10,11
1402,03/11/2023,19,0,19
1403,04/11/2023,66,28,38
1404,05/11/2023,21,6,15
1405,06/11/2023,114,0,114
1406,07/11/2023,48,10,38
1407,08/11/2023,86,0,86
1408,09/11/2023,28,0,28
1409,10/11/2023,0,0,0
1410,11/11/2023,2,0,2
1411,12/11/2023,0,2,-2
1412,13/11/2023,2,0,2
1413,14/11/2023,2,0,2
1414,15/11/2023,2,0,2
1415,16/11/2023,2,0,2
1416,17/11/2023,2,0,2
1417,18/11/2023,2,1,1
1418,19/11/2023,2,0,2
1419,20/11/2023,2,0,2
1420,21/11/2023,2,0,2
1421,22/11/2023,2,0,2
1422,23/11/2023,2,2,0
1423,24/11/2023,4,1,3
1424,25/11/2023,2,0,2
1425,26/11/2023,2,1,1
1426,27/11/2023,3,0,3
1427,28/11/2023,2,0,2
1428,29/11/2023,4,0,4
1429,30/11/2023,3,0,3
1430,01/12/2023,21,24,-3
1431,02/12/2023,19,15,4
1432,03/12/2023,79,1,78
1433,04/12/2023,74,27,47
1434,05/12/2023,28,2,26
1435,06/12/2023,93,0,93
1436,07/12/2023,68,20,48
1437,08/12/2023,50,0,50
1438,09/12/2023,30,0,30
1439,10/12/2023,0,0,0
1440,11/12/2023,3,0,3
1441,12/12/2023,0,0,0
1442,13/12/2023,0,0,0
1443,14/12/2023,0,0,0
1444,15/12/2023,0,0,0
1445,16/12/2023,1,0,1
1446,17/12/2023,0,0,0
1447,18/12/2023,0,0,0
1448,19/12/2023,0,0,0
1449,20/12/2023,0,0,0
1450,21/12/2023,0,0,0
1451,22/12/2023,0,1,-1
1452,23/12/2023,1,0,1
1453,24/12/2023,0,0,0
1454,25/12/2023,0,0,0
1455,26/12/2023,0,0,0
1456,27/12/2023,0,0,0
1457,28/12/2023,0,0,0
1458,29/12/2023,0,0,0
1459,30/12/2023,0,0,0
1460,31/12/2023,1,0,1
1461,01/01/2024,0,0,0
1462,02/01/2024,10,2,8
1463,03/01/2024,16,0,16
1464,04/01/2024,49,11,38
1465,05/01/2024,14,0,14
1466,06/01/2024,34,0,34
1467,07/01/2024,176,0,176
1468,08/01/2024,640,0,640
1469,09/01/2024,71,0,71
1470,10/01/2024,20,0,20
1471,11/01/2024,1,1,0
1472,12/01/2024,112,0,112
1473,13/01/2024,1,0,1
1474,14/01/2024,1,1,0
1475,15/01/2024,0,0,0
1476,16/01/2024,0,0,0
1477,17/01/2024,0,1,-1
1478,18/01/2024,1,1,0
1479,19/01/2024,0,0,0
1480,20/01/2024,0,1,-1
1481,21/01/2024,0,0,0
1482,22/01/2024,1,0,1
1483,23/01/2024,3,0,3
1484,24/01/2024,6,1,5
1485,25/01/2024,0,1,-1
1486,26/01/2024,2,0,2
1487,27/01/2024,6,0,6
1488,28/01/2024,3,2,1
1489,29/01/2024,4,0,4
1490,30/01/2024,5,4,1
1491,31/01/2024,6,1,5
1492,01/02/2024,1,0,1
1493,02/02/2024,6,0,6
1494,03/02/2024,10,0,10
1495,04/02/2024,6,27,-21
1496,05/02/2024,6,0,6
1497,06/02/2024,62,2,60
1498,07/02/2024,188,0,188
1499,08/02/2024,0,0,0
1500,09/02/2024,59,1,58
1501,10/02/2024,19,1,18
1502,11/02/2024,9,0,9
1503,12/02/2024,97,1,96
1504,13/02/2024,8,0,8
1505,14/02/2024,8,0,8
1506,15/02/2024,2,2,0
1507,16/02/2024,2,2,0
1508,17/02/2024,10,0,10
1509,18/02/2024,8,0,8
1510,19/02/2024,10,0,10
1511,20/02/2024,6,2,4
1512,21/02/2024,10,0,10
1513,22/02/2024,6,4,2
1514,23/02/2024,6,0,6
1515,24/02/2024,12,0,12
1516,25/02/2024,10,0,10
1517,26/02/2024,14,0,14
1518,27/02/2024,6,0,6
1519,28/02/2024,18,0,18
1520,29/02/2024,2,0,2
1521,01/03/2024,0,0,0
1522,02/03/2024,8,4,4
1523,03/03/2024,44,0,44
1524,04/03/2024,9,28,-19
1525,05/03/2024,16,0,16
1526,06/03/2024,36,0,36
1527,07/03/2024,182,2,180
1528,08/03/2024,0,0,0
1529,09/03/2024,57,2,55
1530,10/03/2024,4,0,4
1531,11/03/2024,5,0,5
1532,12/03/2024,95,1,94
1533,13/03/2024,296,74,222
1534,14/03/2024,310,76,234
1535,15/03/2024,220,94,126
1536,16/03/2024,222,96,126
1537,17/03/2024,306,74,232
1538,18/03/2024,330,72,258
1539,19/03/2024,328,72,256
1540,20/03/2024,332,58,274
1541,21/03/2024,164,52,112
1542,22/03/2024,56,52,4
1543,23/03/2024,28,52,-24
1544,24/03/2024,174,56,118
1545,25/03/2024,132,24,108
1546,26/03/2024,126,44,82
1547,27/03/2024,110,22,88
1548,28/03/2024,124,24,100
1549,29/03/2024,80,22,58
1550,30/03/2024,108,22,86
1551,31/03/2024,112,22,90
1552,01/04/2024,0,0,0
1553,02/04/2024,14,0,14
1554,03/04/2024,46,0,46
1555,04/04/2024,22,28,-6
1556,05/04/2024,6,0,6
1557,06/04/2024,58,0,58
1558,07/04/2024,166,0,166
1559,08/04/2024,0,0,0
1560,09/04/2024,34,0,34
1561,10/04/2024,2,1,1
1562,11/04/2024,3,0,3
1563,12/04/2024,96,1,95
1564,13/04/2024,27,0,27
1565,14/04/2024,82,1,81
1566,15/04/2024,85,0,85
1567,16/04/2024,68,0,68
1568,17/04/2024,96,0,96
1569,18/04/2024,73,0,73
1570,19/04/2024,67,0,67
1571,20/04/2024,56,0,56
1572,21/04/2024,69,0,69
1573,22/04/2024,51,0,51
1574,23/04/2024,56,0,56
1575,24/04/2024,21,0,21
1576,25/04/2024,26,0,26
1577,26/04/2024,33,0,33
1578,27/04/2024,40,0,40
1579,28/04/2024,6,0,6
1580,29/04/2024,15,0,15
1581,30/04/2024,8,0,8
1582,01/05/2024,0,0,0
1583,02/05/2024,138,0,138
1584,03/05/2024,64,24,40
1585,04/05/2024,26,30,-4
1586,05/05/2024,16,0,16
1587,06/05/2024,48,0,48
1588,07/05/2024,244,0,244
1589,08/05/2024,0,0,0
1590,09/05/2024,41,2,39
1591,10/05/2024,2,0,2
1592,11/05/2024,32,1,31
1593,12/05/2024,99,1,98
1594,13/05/2024,4,0,4
1595,14/05/2024,20,0,20
1596,15/05/2024,6,0,6
1597,16/05/2024,18,0,18
1598,17/05/2024,4,0,4
1599,18/05/2024,22,0,22
1600,19/05/2024,6,2,4
1601,20/05/2024,22,4,18
1602,21/05/2024,10,4,6
1603,22/05/2024,28,0,28
1604,23/05/2024,8,0,8
1605,24/05/2024,24,0,24
1606,25/05/2024,28,4,24
1607,26/05/2024,10,2,8
1608,27/05/2024,16,0,16
1609,28/05/2024,8,2,6
1610,29/05/2024,24,0,24
1611,30/05/2024,10,0,10
1612,31/05/2024,36,2,34
1613,01/06/2024,0,0,0
1614,02/06/2024,156,0,156
1615,03/06/2024,44,22,22
1616,04/06/2024,26,11,15
1617,05/06/2024,6,0,6
1618,06/06/2024,62,2,60
1619,07/06/2024,164,0,164
1620,08/06/2024,0,0,0
1621,09/06/2024,34,0,34
1622,10/06/2024,2,0,2
1623,11/06/2024,20,0,20
1624,12/06/2024,43,1,42
1625,13/06/2024,66,2,64
1626,14/06/2024,148,2,146
1627,15/06/2024,150,0,150
1628,16/06/2024,236,0,236
1629,17/06/2024,316,0,316
1630,18/06/2024,402,0,402
1631,19/06/2024,370,0,370
1632,20/06/2024,214,0,214
1633,21/06/2024,214,0,214
1634,22/06/2024,214,2,212
1635,23/06/2024,230,0,230
1636,24/06/2024,252,0,252
1637,25/06/2024,282,2,280
1638,26/06/2024,246,0,246
1639,27/06/2024,206,0,206
1640,28/06/2024,164,0,164
1641,29/06/2024,180,0,180
1642,30/06/2024,148,2,146
1643,01/07/2024,0,0,0
1644,02/07/2024,160,2,158
1645,03/07/2024,80,22,58
1646,04/07/2024,37,29,8
1647,05/07/2024,18,0,18
1648,06/07/2024,40,0,40
1649,07/07/2024,284,4,280
1650,08/07/2024,0,0,0
1651,09/07/2024,42,0,42
1652,10/07/2024,0,1,-1
1653,11/07/2024,24,1,23
1654,12/07/2024,20,0,20
1655,13/07/2024,148,0,148
1656,14/07/2024,180,0,180
1657,15/07/2024,182,0,182
1658,16/07/2024,144,0,144
1659,17/07/2024,172,0,172
1660,18/07/2024,156,0,156
1661,19/07/2024,112,2,110
1662,20/07/2024,60,0,60
1663,21/07/2024,108,0,108
1664,22/07/2024,120,0,120
1665,23/07/2024,144,0,144
1666,24/07/2024,164,0,164
1667,25/07/2024,254,0,254
1668,26/07/2024,262,0,262
1669,27/07/2024,154,2,152
1670,28/07/2024,158,0,158
1671,29/07/2024,202,0,202
1672,30/07/2024,268,0,268
1673,31/07/2024,582,0,582
1674,01/08/2024,0,0,0
1675,02/08/2024,156,0,156
1676,03/08/2024,36,24,12
1677,04/08/2024,49,28,21
1678,05/08/2024,28,0,28
1679,06/08/2024,70,0,70
1680,07/08/2024,296,0,296
1681,08/08/2024,0,0,0
1682,09/08/2024,18,0,18
1683,10/08/2024,10,0,10
1684,11/08/2024,19,0,19
1685,12/08/2024,40,2,38
1686,13/08/2024,0,0,0
1687,14/08/2024,0,0,0
1688,15/08/2024,0,0,0
1689,16/08/2024,0,0,0
1690,17/08/2024,0,0,0
1691,18/08/2024,0,0,0
1692,19/08/2024,0,0,0
1693,20/08/2024,0,0,0
1694,21/08/2024,0,0,0
1695,22/08/2024,0,0,0
1696,23/08/2024,0,0,0
1697,24/08/2024,0,0,0
1698,25/08/2024,0,0,0
1699,26/08/2024,0,0,0
1700,27/08/2024,0,0,0
1701,28/08/2024,0,0,0
1702,29/08/2024,0,0,0
1703,30/08/2024,0,0,0
1704,31/08/2024,0,0,0
1705,01/09/2024,0,0,0
1706,02/09/2024,142,2,140
1707,03/09/2024,30,22,8
1708,04/09/2024,50,28,22
1709,05/09/2024,8,0,8
1710,06/09/2024,42,0,42
1711,07/09/2024,304,2,302
1712,08/09/2024,0,0,0
1713,09/09/2024,16,0,16
1714,10/09/2024,0,1,-1
1715,11/09/2024,24,0,24
1716,12/09/2024,19,1,18
1717,13/09/2024,40,2,38
1718,14/09/2024,28,0,28
1719,15/09/2024,26,3,23
1720,16/09/2024,13,3,10
1721,17/09/2024,20,1,19
1722,18/09/2024,9,3,6
1723,19/09/2024,16,0,16
1724,20/09/2024,22,3,19
1725,21/09/2024,14,0,14
1726,22/09/2024,8,0,8
1727,23/09/2024,15,1,14
1728,24/09/2024,14,0,14
1729,25/09/2024,11,2,9
1730,26/09/2024,9,0,9
1731,27/09/2024,16,5,11
1732,28/09/2024,28,0,28
1733,29/09/2024,27,2,25
1734,30/09/2024,21,4,17
1735,01/10/2024,0,0,0
1736,02/10/2024,154,0,154
1737,03/10/2024,86,72,14
1738,04/10/2024,73,1,72
1739,05/10/2024,16,0,16
1740,06/10/2024,50,0,50
1741,07/10/2024,294,2,292
1742,08/10/2024,0,0,0
1743,09/10/2024,34,1,33
1744,10/10/2024,8,0,8
1745,11/10/2024,20,0,20
1746,12/10/2024,21,1,20
1747,13/10/2024,4,0,4
1748,14/10/2024,0,1,-1
1749,15/10/2024,6,0,6
1750,16/10/2024,2,1,1
1751,17/10/2024,8,20,-12
1752,18/10/2024,10,21,-11
1753,19/10/2024,0,21,-21
1754,20/10/2024,8,21,-13
1755,21/10/2024,0,21,-21
1756,22/10/2024,8,20,-12
1757,23/10/2024,1,21,-20
1758,24/10/2024,9,0,9
1759,25/10/2024,7,0,7
1760,26/10/2024,0,0,0
1761,27/10/2024,7,0,7
1762,28/10/2024,0,1,-1
1763,29/10/2024,8,1,7
1764,30/10/2024,0,1,-1
1765,31/10/2024,8,0,8
1766,01/11/2024,0,1,-1
1767,02/11/2024,132,0,132
1768,03/11/2024,216,78,138
1769,04/11/2024,85,1,84
1770,05/11/2024,6,0,6
1771,06/11/2024,48,0,48
1772,07/11/2024,262,0,262
1773,08/11/2024,0,0,0
1774,09/11/2024,16,1,15
1775,10/11/2024,0,0,0
1776,11/11/2024,26,0,26
1777,12/11/2024,9,1,8
1778,13/11/2024,24,0,24
1779,14/11/2024,29,1,28
1780,15/11/2024,24,0,24
1781,16/11/2024,46,0,46
1782,17/11/2024,85,0,85
1783,18/11/2024,73,1,72
1784,19/11/2024,65,1,64
1785,20/11/2024,65,1,64
1786,21/11/2024,74,1,73
1787,22/11/2024,52,2,50
1788,23/11/2024,65,2,63
1789,24/11/2024,158,3,155
1790,25/11/2024,152,1,151
1791,26/11/2024,131,2,129
1792,27/11/2024,133,2,131
1793,28/11/2024,131,2,129
1794,29/11/2024,90,1,89
1795,30/11/2024,95,0,95
1796,01/12/2024,0,0,0
1797,02/12/2024,14,0,14
1798,03/12/2024,284,72,212
1799,04/12/2024,43,0,43
1800,05/12/2024,4,2,2
1801,06/12/2024,70,0,70
1802,07/12/2024,162,0,162
1803,08/12/2024,0,0,0
1804,09/12/2024,36,0,36
1805,10/12/2024,0,0,0
1806,11/12/2024,26,1,25
1807,12/12/2024,12,1,11
1808,13/12/2024,8,0,8
1809,14/12/2024,15,0,15
1810,15/12/2024,11,0,11
1811,16/12/2024,14,1,13
1812,17/12/2024,14,1,13
1813,18/12/2024,22,0,22
1814,19/12/2024,37,1,36
1815,20/12/2024,36,2,34
1816,21/12/2024,32,1,31
1817,22/12/2024,30,1,29
1818,23/12/2024,26,2,24
1819,24/12/2024,26,2,24
1820,25/12/2024,121,2,119
1821,26/12/2024,180,3,177
1822,27/12/2024,123,2,121
1823,28/12/2024,121,2,119
1824,29/12/2024,159,3,156
1825,30/12/2024,167,4,163
1826,31/12/2024,188,3,185
